 ***************************************
 PARAMETERS
 ***************************************
 1  C= 0.00000000
 2  C= 0.00000000
 3  C= 10.0000000
 4  C= 9.80599976
 5  C= 2500000.00
 6  C= 1004.50000
 7  C= 0.607999980
 8  C= 0.172413796
 9  C= 5.51724152E-05
 10  C= 1.16000700
 11  C= 500.000000
 12  C= 500.000000
 13  C= 500.000000
 14  C= 100.000000
 15  C= 15000.0000
 16  C= 0.00000000
 17  C= 23.4580002
 18  C= 0.400000006
 19  C= 120.949997
 20  C= 0.00000000
 21  C= 102000.000
 22  C= 1.00567472
 23  C= 3.14159274
 24  C= 1.99999995E-04
 25  C= 0.00000000
 26  C= 0.00000000
 27  C= 0.00000000
 28  C= 0.00000000
 29  C= 0.00000000
 30  C= 295.166138
 31  C= 1.00000000
 32  C= 0.00000000
 33  C= 0.00000000
 34  C= 0.00000000
 35  C= 0.00000000
 36  C= 333600.000
 37  C= 0.00000000
 38  C= 0.00000000
 39  C= 0.00000000
 40  C= 2.77777785E-04
 41  C= 6.00000000
 42  C= 1.15740741E-05
 43  C= 0.00000000
 44  C= 0.00000000
 45  C= 0.00000000
 46  C= 0.00000000
 47  C= 0.00000000
 48  C= 0.00000000
 49  C= 0.00000000
 50  C= 0.00000000
 51  C= 0.00000000
 52  C= 0.00000000
 53  C= 0.00000000
 54  C= 0.00000000
 55  C= 0.00000000
 56  C= 0.00000000
 57  C= 0.00000000
 58  C= 0.00000000
 59  C= 0.00000000
 60  C= 0.00000000
 61  C= 0.500000000
 62  C= 300.000000
 63  C= 0.00000000
 64  C= 100.000000
 65  C= 0.00000000
 66  C= 0.00000000
 67  C= 0.00000000
 68  C= 0.00000000
 69  C= 0.00000000
 70  C= 1.00000000
 71  C= 0.00000000
 72  C= 10800.0000
 73  C= 0.00000000
 74  C= 0.00000000
 75  C= 0.00000000
 76  C= 0.00000000
 77  C= 0.00000000
 78  C= 0.00000000
 79  C= 0.00000000
 80  C= 0.00000000
 1  IC= 8641
 2  IC= 0
 3  IC= 0
 4  IC= 0
 5  IC= 0
 6  IC= 0
 7  IC= 30
 8  IC= 360
 9  IC= 360
 10  IC= 0
 11  IC= 0
 12  IC= 0
 13  IC= 0
 14  IC= 3182073
 15  IC= 1
 16  IC= 1
 17  IC= 0
 18  IC= 120
 19  IC= 8640
 20  IC= 0
 21  IC= 0
 22  IC= 0
 23  IC= 12
 24  IC= 0
 25  IC= 1
 26  IC= 12
 27  IC= 36
 28  IC= 0
 29  IC= 0
 30  IC= 0
 31  IC= 0
 32  IC= 0
 33  IC= 0
 34  IC= 0
 35  IC= 0
 36  IC= 0
 37  IC= 0
 38  IC= 0
 39  IC= 0
 40  IC= 0
 41  IC= 0
 42  IC= 0
 43  IC= 0
 44  IC= 30
 45  IC= 0
 46  IC= 0
 47  IC= 0
 48  IC= 0
 49  IC= 0
 50  IC= 0
 51  IC= 999999
 52  IC= 1
 53  IC= 999999
 54  IC= 999999
 55  IC= 999999
 56  IC= 999999
 57  IC= 999999
 58  IC= 999999
 59  IC= 999999
 60  IC= 999999
 1  LC= F
 2  LC= F
 3  LC= F
 4  LC= F
 5  LC= F
 6  LC= F
 7  LC= F
 8  LC= F
 9  LC= F
 10  LC= F
 11  LC= F
 12  LC= F
 13  LC= F
 14  LC= F
 15  LC= F
 16  LC= F
 17  LC= F
 18  LC= F
 19  LC= F
 20  LC= T
 21  LC= F
 22  LC= F
 23  LC= F
 24  LC= F
 25  LC= F
 26  LC= F
 27  LC= F
 28  LC= F
 29  LC= F
 30  LC= T
 31  LC= F
 32  LC= F
 33  LC= F
 34  LC= F
 35  LC= F
 36  LC= F
 37  LC= F
 38  LC= F
 39  LC= F
 40  LC= F
 ***************************************
 I.C.
 ***************************************
 K, ZZ(K),ZT(K),FNZ(K),FNT(K)
 =======================================
  1       0.000       0.000       5.000       5.000
  2     100.000      50.000       5.000       5.000
  3     200.000     150.000       5.000       5.000
  4     300.000     250.000       5.000       5.000
  5     400.000     350.000       5.000       5.000
  6     500.000     450.000       5.000       5.000
  7     600.000     550.000       5.000       5.000
  8     700.000     650.000       5.000       5.000
  9     800.000     750.000       5.000       5.000
 10     900.000     850.000       5.000       5.000
 11    1000.000     950.000       5.000       5.000
 12    1100.000    1050.000       5.000       5.000
 13    1200.000    1150.000       5.000       5.000
 14    1300.000    1250.000       5.000       5.000
 15    1400.000    1350.000       5.000       5.000
 16    1500.000    1450.000       5.000       5.000
 17    1600.000    1550.000       5.000       5.000
 18    1700.000    1650.000       5.000       5.000
 19    1800.000    1750.000       5.000       5.000
 20    1900.000    1850.000       5.000       5.000
 21    2000.000    1950.000       5.000       5.000
 22    2100.000    2050.000       5.000       5.000
 23    2200.000    2150.000       5.000       5.000
 24    2300.000    2250.000       5.000       5.000
 25    2400.000    2350.000       5.000       5.000
 26    2500.000    2450.000       5.000       5.000
 27    2600.000    2550.000       5.000       5.000
 28    2700.000    2650.000       5.000       5.000
 29    2800.000    2750.000       5.000       5.000
 30    2900.000    2850.000       5.000       5.000
 31    3000.000    2950.000       5.000       5.000
 32    3100.000    3050.000       5.000       5.000
 33    3200.000    3150.000       5.000       5.000
 34    3300.000    3250.000       5.000       5.000
 35    3400.000    3350.000       5.000       5.000
 36    3500.000    3450.000       5.000       5.000
 37    3600.000    3550.000       5.000       5.000
 38    3700.000    3650.000       5.000       5.000
 39    3800.000    3750.000       5.000       5.000
 40    3900.000    3850.000       4.394       5.000
 41    4027.586    3960.345       4.531       3.919
 42    4182.759    4101.724       2.959       3.222
 43    4365.517    4270.689       2.544       2.736
 44    4575.862    4467.241       2.231       2.377
 45    4813.793    4691.379       1.986       2.101
 46    5079.311    4943.104       1.790       1.883
 47    5372.414    5222.414       1.629       1.706
 48    5693.104    5529.311       1.495       1.559
 49    6041.379    5863.793       1.381       1.436
 50    6417.241    6225.862       1.283       1.330
 51    6820.689    6615.517       1.198       1.239
 52    7251.724    7032.759       1.124       1.160
 53    7710.345    7477.586       1.058       1.090
 54    8196.552    7950.000       1.000       1.028
 55    8710.345    8450.000       0.948       0.973
 56    9251.725    8977.586       0.901       0.924
 57    9820.689    9532.759       0.858       0.879
 58   10417.241   10115.518       0.819       0.838
 59   11041.379   10725.862       0.784       0.801
 60   11693.104   11363.793       0.751       0.767
 61   12372.414   12029.311       0.721       0.736
 ============================================
 K, RHO(K),THBAR(K),PBAR(K),PIBAR(K),QVBAR(K)
 ============================================
  1       1.197     293.501  102000.000       1.006   0.100E-01
  2       1.191     293.566  101414.555       1.004   0.996E-02
  3       1.181     293.697  100251.219       1.001   0.988E-02
  4       1.171     293.828   99097.898       0.997   0.980E-02
  5       1.161     293.960   97954.547       0.994   0.972E-02
  6       1.151     294.092   96821.094       0.991   0.963E-02
  7       1.141     294.225   95697.492       0.988   0.955E-02
  8       1.131     294.358   94583.680       0.984   0.947E-02
  9       1.121     294.492   93479.609       0.981   0.939E-02
 10       1.111     294.627   92385.211       0.978   0.931E-02
 11       1.101     294.761   91300.438       0.974   0.923E-02
 12       1.092     294.897   90225.227       0.971   0.915E-02
 13       1.082     295.033   89159.531       0.968   0.907E-02
 14       1.072     295.169   88103.281       0.964   0.898E-02
 15       1.063     295.306   87056.438       0.961   0.890E-02
 16       1.053     295.443   86018.914       0.958   0.881E-02
 17       1.044     295.581   84990.594       0.955   0.848E-02
 18       1.035     295.720   83971.383       0.951   0.816E-02
 19       1.026     295.859   82961.234       0.948   0.784E-02
 20       1.016     296.156   81960.367       0.945   0.759E-02
 21       0.994     300.189   80974.945       0.941   0.664E-02
 22       0.974     304.236   80010.203       0.938   0.485E-02
 23       0.954     308.297   79065.281       0.935   0.306E-02
 24       0.934     312.374   78139.594       0.932   0.127E-02
 25       0.925     313.124   77228.164       0.929   0.979E-03
 26       0.916     313.282   76325.570       0.926   0.954E-03
 27       0.908     313.440   75430.977       0.923   0.929E-03
 28       0.900     313.598   74544.328       0.919   0.904E-03
 29       0.892     313.758   73665.578       0.916   0.879E-03
 30       0.884     313.917   72794.680       0.913   0.854E-03
 31       0.876     314.078   71931.578       0.910   0.829E-03
 32       0.868     314.238   71076.242       0.907   0.804E-03
 33       0.860     314.400   70228.609       0.904   0.779E-03
 34       0.853     314.562   69388.648       0.901   0.754E-03
 35       0.845     314.724   68556.297       0.898   0.729E-03
 36       0.837     314.887   67731.508       0.895   0.704E-03
 37       0.830     315.051   66914.250       0.892   0.679E-03
 38       0.822     315.215   66104.461       0.888   0.654E-03
 39       0.814     315.380   65302.105       0.885   0.629E-03
 40       0.807     315.546   64507.129       0.882   0.604E-03
 41       0.798     315.767   63611.473       0.879   0.576E-03
 42       0.791     315.658   62751.609       0.875   0.541E-03
 43       0.779     315.941   61451.402       0.870   0.499E-03
 44       0.764     316.273   59964.656       0.864   0.450E-03
 45       0.748     316.654   58302.602       0.857   0.394E-03
 46       0.730     317.086   56477.766       0.849   0.331E-03
 47       0.711     317.570   54503.840       0.841   0.261E-03
 48       0.690     318.108   52395.574       0.831   0.184E-03
 49       0.668     318.701   50168.648       0.821   0.101E-03
 50       0.644     319.528   47840.191       0.810   0.903E-04
 51       0.619     320.432   45428.090       0.798   0.797E-04
 52       0.593     321.415   42950.047       0.785   0.684E-04
 53       0.566     322.481   40424.008       0.772   0.564E-04
 54       0.538     323.634   37868.027       0.758   0.436E-04
 55       0.510     324.878   35300.066       0.743   0.301E-04
 56       0.481     326.218   32737.811       0.727   0.158E-04
 57       0.452     327.660   30198.521       0.710   0.775E-06
 58       0.421     331.098   27705.701       0.693   0.000E+00
 59       0.390     334.896   25281.939       0.675   0.000E+00
 60       0.359     338.973   22941.297       0.657   0.000E+00
 61       0.329     343.351   20695.953       0.638   0.000E+00
 ============================================
 K,UG(K),Q1LS(K),Q2LS(K)
 ============================================
  1      -7.000      -7.000   0.000E+00   0.000E+00
  2      -7.000      -7.000   0.000E+00   0.000E+00
  3      -7.000      -7.000   0.000E+00   0.000E+00
  4      -7.000      -7.000   0.000E+00   0.000E+00
  5      -7.000      -7.000   0.000E+00   0.000E+00
  6      -7.000      -7.000   0.000E+00   0.000E+00
  7      -7.000      -7.000   0.000E+00   0.000E+00
  8      -7.000      -7.000   0.000E+00   0.000E+00
  9      -6.595      -6.422   0.000E+00   0.000E+00
 10      -5.744      -5.206   0.000E+00   0.000E+00
 11      -4.900      -4.000   0.000E+00   0.000E+00
 12      -4.064      -2.806   0.000E+00   0.000E+00
 13      -3.235      -1.622   0.000E+00   0.000E+00
 14      -2.414      -0.448   0.000E+00   0.000E+00
 15      -1.599       0.715   0.000E+00   0.000E+00
 16      -0.792       1.868   0.000E+00   0.000E+00
 17       0.006       3.000   0.000E+00   0.000E+00
 18       0.617       3.000   0.000E+00   0.000E+00
 19       1.223       3.000   0.000E+00   0.000E+00
 20       1.824       3.000   0.000E+00   0.000E+00
 21       2.415       3.000   0.000E+00   0.000E+00
 22       2.994       3.000   0.000E+00   0.000E+00
 23       3.561       3.000   0.000E+00   0.000E+00
 24       4.116       3.000   0.000E+00   0.000E+00
 25       4.663       3.000   0.000E+00   0.000E+00
 26       5.205       3.000   0.000E+00   0.000E+00
 27       5.741       3.000   0.000E+00   0.000E+00
 28       6.273       3.000   0.000E+00   0.000E+00
 29       6.801       3.000   0.000E+00   0.000E+00
 30       7.323       3.000   0.000E+00   0.000E+00
 31       7.841       3.000   0.000E+00   0.000E+00
 32       8.354       3.000   0.000E+00   0.000E+00
 33       8.863       3.000   0.000E+00   0.000E+00
 34       9.367       3.000   0.000E+00   0.000E+00
 35       9.866       3.000   0.000E+00   0.000E+00
 36      10.361       3.000   0.000E+00   0.000E+00
 37      10.851       3.000   0.000E+00   0.000E+00
 38      11.337       3.000   0.000E+00   0.000E+00
 39      11.819       3.000   0.000E+00   0.000E+00
 40      12.000       3.000   0.000E+00   0.000E+00
 41      12.000       3.000   0.000E+00   0.000E+00
 42      12.000       3.000   0.000E+00   0.000E+00
 43      12.000       3.000   0.000E+00   0.000E+00
 44      12.000       3.000   0.000E+00   0.000E+00
 45      12.000       3.000   0.000E+00   0.000E+00
 46      12.000       3.000   0.000E+00   0.000E+00
 47      12.000       3.000   0.000E+00   0.000E+00
 48      12.000       3.000   0.000E+00   0.000E+00
 49      12.000       3.000   0.000E+00   0.000E+00
 50      12.000       3.000   0.000E+00   0.000E+00
 51      12.000       3.000   0.000E+00   0.000E+00
 52      12.000       3.000   0.000E+00   0.000E+00
 53      12.000       3.000   0.000E+00   0.000E+00
 54      12.000       3.000   0.000E+00   0.000E+00
 55      12.000       3.000   0.000E+00   0.000E+00
 56      12.000       3.000   0.000E+00   0.000E+00
 57      12.000       3.000   0.000E+00   0.000E+00
 58      12.000       3.000   0.000E+00   0.000E+00
 59      12.000       3.000   0.000E+00   0.000E+00
 60      12.000       3.000   0.000E+00   0.000E+00
 61      12.000       3.000   0.000E+00   0.000E+00
 ============================================
 K, RHOZ(K)
 ============================================
  1       1.197
  2       1.186
  3       1.176
  4       1.166
  5       1.156
  6       1.146
  7       1.136
  8       1.126
  9       1.116
 10       1.106
 11       1.096
 12       1.087
 13       1.077
 14       1.068
 15       1.058
 16       1.049
 17       1.039
 18       1.030
 19       1.021
 20       1.005
 21       0.984
 22       0.964
 23       0.944
 24       0.929
 25       0.920
 26       0.912
 27       0.904
 28       0.896
 29       0.888
 30       0.880
 31       0.872
 32       0.864
 33       0.857
 34       0.849
 35       0.841
 36       0.833
 37       0.826
 38       0.818
 39       0.811
 40       0.803
 41       0.795
 42       0.785
 43       0.771
 44       0.756
 45       0.739
 46       0.721
 47       0.700
 48       0.679
 49       0.656
 50       0.631
 51       0.605
 52       0.579
 53       0.551
 54       0.523
 55       0.495
 56       0.466
 57       0.436
 58       0.405
 59       0.374
 60       0.344
