47918 ROIG Ishigakijima Observations at 00Z 12 Jan 201
--------------------------------------------------------------------------------------------------------------
      PRES      HGHT      TEMP      DWPT      RELH      MIXR      DRCT      SKNT      THTA      THTE      THTV
       hPa         m         C         C         %      g/kg       deg      knot         K         K         K
--------------------------------------------------------------------------------------------------------------
   1024.00      7.00     17.60     12.60     72.00      9.02     30.00      9.00    288.80    314.30    290.40
   1000.00    211.00     15.60     11.40     76.00      8.53     40.00     21.00    288.80    312.90    290.20
    957.00    581.00     12.60     10.10     85.00      8.17     50.00     25.00    289.30    312.60    290.70
    925.00    867.00     10.20      9.10     93.00      7.90     65.00     19.00    289.70    312.30    291.10
    885.00   1233.00      7.80      7.40     98.00      7.37     65.00     16.00    290.90    312.10    292.20
    870.00   1375.00      6.80      6.80    100.00      7.17     63.00     13.00    291.30    312.00    292.60
    851.00   1556.00      6.00      6.00    100.00      6.95     60.00      8.00    292.40    312.50    293.60
    850.00   1566.00      6.00      6.00    100.00      6.94     55.00      8.00    292.40    312.60    293.60
    822.00   1840.00      5.00      5.00    100.00      6.70    267.00      5.00    294.20    313.80    295.40
    818.00   1880.00      5.10      5.10    100.00      6.77    245.00      4.00    294.70    314.50    295.90
    789.00   2176.00      5.70      5.70    100.00      7.35    255.00     19.00    298.40    320.30    299.80
    778.00   2291.00      6.00      6.00    100.00      7.59    269.00     15.00    299.90    322.60    301.30
    762.00   2461.00      5.40      5.40    100.00      7.41    290.00     10.00    301.10    323.30    302.40
    708.00   3061.00      3.40      3.10     98.00      6.80    281.00     18.00    305.20    326.10    306.50
    700.00   3153.00      2.80     -1.90     71.00      4.78    280.00     19.00    305.60    320.40    306.40
    684.00   3339.00      1.60    -15.40     27.00      1.70    284.00     23.00    306.20    311.90    306.60
    679.00   3398.00      3.00    -13.00     30.00      2.08    285.00     25.00    308.40    315.30    308.80
    678.00   3410.00      3.40    -13.00     29.00      2.08    285.00     25.00    309.00    315.90    309.40
    674.00   3458.00      5.00    -13.00     26.00      2.10    285.00     25.00    311.30    318.30    311.70
    667.00   3543.00      4.80     -3.20     56.00      4.55    285.00     25.00    312.00    326.60    312.90
    661.00   3617.00      5.60    -14.40     22.00      1.91    284.00     25.00    313.80    320.20    314.10
    636.00   3930.00      3.40    -16.60     22.00      1.65    283.00     25.00    314.70    320.40    315.00
    558.00   4966.00     -3.80    -12.00     53.00      2.74    280.00     25.00    318.20    327.50    318.80
    512.00   5647.00     -8.50     -9.00     96.00      3.80    256.00     36.00    320.40    333.10    321.20
    500.00   5830.00     -9.50    -10.20     95.00      3.54    250.00     39.00    321.40    333.30    322.10
    493.00   5938.00    -10.10    -11.30     91.00      3.29    250.00     41.00    321.90    333.10    322.60
    459.00   6488.00    -13.30    -16.80     75.00      2.25    252.00     48.00    324.60    332.40    325.00
    400.00   7520.00    -21.90    -22.50     95.00      1.58    255.00     60.00    326.40    332.10    326.80
    395.00   7612.00    -22.50    -23.20     94.00      1.50    254.00     61.00    326.80    332.20    327.10
    392.00   7669.00    -20.30    -22.70     81.00      1.58    254.00     61.00    330.40    336.20    330.70
    389.00   7725.00    -19.50    -26.50     54.00      1.13    253.00     61.00    332.20    336.40    332.40
    372.00   8057.00    -19.90    -37.90     19.00      0.39    251.00     63.00    335.90    337.50    336.00
    368.00   8135.00    -20.50    -38.40     19.00      0.38    250.00     64.00    336.10    337.70    336.20
    318.00   9197.00    -28.90    -44.90     20.00      0.22    246.00     67.00    338.80    339.80    338.90
    300.00   9610.00    -32.70    -42.70     36.00      0.30    245.00     68.00    339.20    340.40    339.20
    276.00  10192.00    -37.50    -43.50     53.00      0.30    252.00     79.00    340.40    341.60    340.50
    265.00  10472.00    -39.30    -45.30     53.00      0.25    255.00     84.00    341.80    342.90    341.90
    260.00  10603.00    -40.10    -46.10     53.00      0.24    255.00     83.00    342.40    343.40    342.50
    250.00  10870.00    -41.90    999.90    999.90    999.90    255.00     82.00    343.60    999.90    343.60
    239.00  11166.00    -44.20    999.90    999.90    999.90    260.00     84.00    344.70    999.90    344.70
    200.00  12340.00    -53.10    999.90    999.90    999.90    265.00     78.00    348.50    999.90    348.50
    165.00  13555.00    -61.50    999.90    999.90    999.90    262.00     70.00    354.20    999.90    354.20
    150.00  14140.00    -65.10    999.90    999.90    999.90    260.00     66.00    357.70    999.90    357.70
    107.00  16118.00    -80.50    999.90    999.90    999.90    260.00     66.00    364.80    999.90    364.80
    105.00  16225.00    -80.30    999.90    999.90    999.90    265.00     66.00    367.20    999.90    367.20
    100.00  16500.00    -79.70    999.90    999.90    999.90    275.00     64.00    373.50    999.90    373.50
     89.00  17154.00    -80.70    999.90    999.90    999.90    285.00     52.00    384.20    999.90    384.20
     79.00  17822.00    -81.60    999.90    999.90    999.90    260.00     41.00    395.60    999.90    395.60
     70.90  18429.00    -82.50    999.90    999.90    999.90    256.00     48.00    406.10    999.90    406.10
     70.00  18500.00    -80.70    999.90    999.90    999.90    255.00     49.00    411.40    999.90    411.40
     68.10  18657.00    -76.50    999.90    999.90    999.90    258.00     47.00    423.70    999.90    423.70
     62.00  19205.00    -75.00    999.90    999.90    999.90    270.00     41.00    438.50    999.90    438.50
     52.00  20231.00    -72.30    999.90    999.90    999.90    250.00     31.00    467.40    999.90    467.40
     50.00  20460.00    -71.70    999.90    999.90    999.90    260.00     33.00    474.10    999.90    474.10
     48.30  20665.00    -69.10    999.90    999.90    999.90    270.00     30.00    485.00    999.90    485.00
     42.80  21402.00    -59.70    999.90    999.90    999.90    303.00     18.00    525.20    999.90    525.20
     41.00  21669.00    -59.90    999.90    999.90    999.90    315.00     14.00    531.20    999.90    531.20
     39.00  21979.00    -60.10    999.90    999.90    999.90    255.00      8.00    538.20    999.90    538.20
     36.00  22477.00    -60.50    999.90    999.90    999.90    260.00      8.00    549.70    999.90    549.70
     34.00  22832.00    -60.80    999.90    999.90    999.90    320.00      4.00    558.10    999.90    558.10
     32.00  23209.00    -61.00    999.90    999.90    999.90    240.00      8.00    567.10    999.90    567.10
     31.60  23287.00    -61.10    999.90    999.90    999.90    244.00      9.00    569.00    999.90    569.00
     30.00  23610.00    -59.10    999.90    999.90    999.90    260.00     14.00    582.90    999.90    582.90
     29.30  23758.00    -58.10    999.90    999.90    999.90    999.90    999.90    589.60    999.90    589.60
