47918 ROIG Ishigakijima Observations at 12Z 17 Jan 2014
--------------------------------------------------------------------------------------------------------------
      PRES      HGHT      TEMP      DWPT      RELH      MIXR      DRCT      SKNT      THTA      THTE      THTV
       hPa         m         C         C         %      g/kg       deg      knot         K         K         K
--------------------------------------------------------------------------------------------------------------
   1022.00      7.00     16.80     10.80     68.00      8.02     20.00      9.00    288.10    310.90    289.60
   1000.00    193.00     16.20      9.20     63.00      7.35     30.00     14.00    289.40    310.40    290.60
    925.00    849.00     10.80      6.70     76.00      6.69     40.00     14.00    290.40    309.60    291.50
    850.00   1548.00      5.00      2.00     81.00      5.23     50.00      6.00    291.40    306.70    292.30
    839.00   1653.00      4.10      1.20     81.00      4.99     50.00      6.00    291.50    306.10    292.40
    806.00   1978.00      1.30     -1.40     82.00      4.30     95.00      6.00    291.90    304.60    292.60
    796.00   2079.00      0.40     -2.20     83.00      4.11     58.00      7.00    292.00    304.20    292.70
    781.00   2233.00      3.60    -23.40     12.00      0.75      3.00      9.00    297.00    299.50    297.10
    775.00   2295.00      3.90    -24.50     11.00      0.68    340.00     10.00    297.90    300.30    298.10
    772.00   2327.00      4.00    -25.00     10.00      0.66    339.00     10.00    298.40    300.60    298.50
    706.00   3046.00     -0.70    -27.70     11.00      0.56    313.00     20.00    300.90    302.90    301.10
    700.00   3114.00     -0.70    -37.70      4.00      0.21    310.00     21.00    301.70    302.50    301.70
    697.00   3148.00     -0.70    -25.70     13.00      0.68    309.00     22.00    302.10    304.40    302.20
    695.00   3171.00     -0.30    -14.30     34.00      1.83    308.00     22.00    302.70    308.70    303.10
    660.00   3581.00     -2.90    -13.90     42.00      1.99    293.00     28.00    304.30    310.80    304.70
    638.00   3851.00     -0.30    -22.30     17.00      1.01    284.00     33.00    310.20    313.70    310.40
    598.00   4365.00     -1.20    -33.10      7.00      0.40    265.00     41.00    315.00    316.50    315.10
    535.00   5248.00     -2.70    -51.70      1.00      0.06    271.00     58.00    323.40    323.60    323.40
    500.00   5780.00     -5.70    -53.70      1.00      0.05    275.00     68.00    326.00    326.20    326.00
    440.00   6771.00    -11.80    -43.10      6.00      0.19    280.00     82.00    330.40    331.20    330.50
    439.00   6788.00    -11.90    -42.90      6.00      0.20    280.00     82.00    330.50    331.30    330.60
    415.00   7219.00    -11.50    -57.50      1.00      0.04    274.00     76.00    336.40    336.60    336.40
    400.00   7500.00    -13.90    -58.90      1.00      0.03    270.00     72.00    336.80    337.00    336.80
    300.00   9620.00    -30.70    -65.70      2.00      0.02    265.00     76.00    342.00    342.10    342.00
    294.00   9762.00    -32.10    -66.10      2.00      0.02    264.00     76.00    342.00    342.10    342.00
    259.00  10639.00    -39.40    -57.90     12.00      0.06    255.00     78.00    343.80    344.10    343.80
    256.00  10719.00    -40.10    -57.10     15.00      0.07    255.00     80.00    344.00    344.30    344.00
    250.00  10880.00    -41.10    999.90    999.90    999.90    255.00     84.00    344.80    999.90    344.80
    234.00  11319.00    -44.20    999.90    999.90    999.90    250.00     89.00    346.70    999.90    346.70
    200.00  12360.00    -51.50    999.90    999.90    999.90    235.00     87.00    351.10    999.90    351.10
    191.00  12653.00    -53.60    999.90    999.90    999.90    230.00     89.00    352.30    999.90    352.30
    161.00  13739.00    -61.50    999.90    999.90    999.90    245.00     84.00    356.60    999.90    356.60
    159.00  13819.00    -62.10    999.90    999.90    999.90    247.00     80.00    356.90    999.90    356.90
    150.00  14180.00    -62.30    999.90    999.90    999.90    255.00     62.00    362.60    999.90    362.60
    141.00  14558.00    -65.50    999.90    999.90    999.90    265.00     52.00    363.40    999.90    363.40
    140.00  14602.00    -65.90    999.90    999.90    999.90    266.00     52.00    363.50    999.90    363.50
    123.00  15362.00    -72.50    999.90    999.90    999.90    275.00     54.00    365.20    999.90    365.20
    108.00  16125.00    -79.10    999.90    999.90    999.90    240.00     48.00    366.50    999.90    366.50
    106.00  16231.00    -79.50    999.90    999.90    999.90    235.00     47.00    367.60    999.90    367.60
    100.00  16560.00    -80.90    999.90    999.90    999.90    235.00     51.00    371.20    999.90    371.20
     99.00  16616.00    -81.20    999.90    999.90    999.90    235.00     51.00    371.70    999.90    371.70
     95.50  16818.00    -82.10    999.90    999.90    999.90    240.00     49.00    373.70    999.90    373.70
     89.60  17178.00    -78.50    999.90    999.90    999.90    263.00     30.00    387.80    999.90    387.80
     88.00  17280.00    -78.60    999.90    999.90    999.90    270.00     25.00    389.60    999.90    389.60
     83.00  17613.00    -78.80    999.90    999.90    999.90    240.00     16.00    395.70    999.90    395.70
     71.20  18483.00    -79.50    999.90    999.90    999.90    240.00     21.00    412.00    999.90    412.00
     70.00  18580.00    -78.50    999.90    999.90    999.90    240.00     21.00    416.10    999.90    416.10
     69.00  18663.00    -77.60    999.90    999.90    999.90    240.00     21.00    419.80    999.90    419.80
     65.00  19010.00    -73.80    999.90    999.90    999.90    280.00     19.00    435.30    999.90    435.30
     63.50  19145.00    -72.30    999.90    999.90    999.90    285.00     19.00    441.50    999.90    441.50
     60.30  19449.00    -73.70    999.90    999.90    999.90    296.00     18.00    444.90    999.90    444.90
     58.00  19680.00    -72.50    999.90    999.90    999.90    305.00     17.00    452.60    999.90    452.60
     54.00  20103.00    -70.40    999.90    999.90    999.90    265.00     14.00    466.80    999.90    466.80
     51.00  20443.00    -68.70    999.90    999.90    999.90    315.00      8.00    478.50    999.90    478.50
     50.00  20560.00    -68.10    999.90    999.90    999.90    255.00      8.00    482.60    999.90    482.60
     48.00  20810.00    -67.20    999.90    999.90    999.90    150.00      6.00    490.50    999.90    490.50
     45.00  21205.00    -65.70    999.90    999.90    999.90    145.00      2.00    503.10    999.90    503.10
     43.00  21483.00    -64.70    999.90    999.90    999.90     60.00      6.00    512.30    999.90    512.30
     40.00  21925.00    -63.00    999.90    999.90    999.90     50.00     16.00    527.10    999.90    527.10
     37.40  22336.00    -61.50    999.90    999.90    999.90     73.00     14.00    541.20    999.90    541.20
     34.00  22934.00    -59.70    999.90    999.90    999.90    105.00     12.00    560.90    999.90    560.90
     32.00  23315.00    -58.50    999.90    999.90    999.90     65.00     16.00    573.80    999.90    573.80
     30.00  23720.00    -57.30    999.90    999.90    999.90     80.00     19.00    587.80    999.90    587.80
     26.00  24632.00    -55.60    999.90    999.90    999.90    105.00     17.00    617.20    999.90    617.20
     22.10  25668.00    -53.70    999.90    999.90    999.90     80.00     26.00    652.20    999.90    652.20
     20.00  26310.00    -53.30    999.90    999.90    999.90     65.00     31.00    672.30    999.90    672.30
     17.00  27358.00    -52.90    999.90    999.90    999.90     70.00     31.00    705.60    999.90    705.60
     14.90  28208.00    -52.50    999.90    999.90    999.90     63.00     43.00    733.90    999.90    733.90
     14.00  28615.00    -49.90    999.90    999.90    999.90     60.00     49.00    756.10    999.90    756.10
     13.50  28852.00    -48.30    999.90    999.90    999.90     70.00     47.00    769.30    999.90    769.30
     13.00  29102.00    -48.00    999.90    999.90    999.90     80.00     45.00    778.80    999.90    778.80
     10.00  30840.00    -45.50    999.90    999.90    999.90     80.00     70.00    848.60    999.90    848.60
      9.70  31045.00    -45.00    999.90    999.90    999.90     80.00     72.00    857.90    999.90    857.90
      9.00  31548.00    -43.80    999.90    999.90    999.90     85.00     51.00    881.00    999.90    881.00
      8.00  32340.00    -41.90    999.90    999.90    999.90     90.00     52.00    918.70    999.90    918.70
      7.80  32510.00    -41.50    999.90    999.90    999.90    999.90    999.90    927.00    999.90    927.00
