47918 ROIG Ishigakijima Observations at 00Z 23 Jan 2016
--------------------------------------------------------------------------------------------------------------
      PRES      HGHT      TEMP      DWPT      RELH      MIXR      DRCT      SKNT      THTA      THTE      THTV
       hPa         m         C         C         %      g/kg       deg      knot         K         K         K
--------------------------------------------------------------------------------------------------------------
   1020.00      7.00     16.00     13.50     85.00      9.62      0.00     17.00    287.50    314.50    289.20
   1000.00    175.00     14.20     11.70     85.00      8.70     10.00     27.00    287.40    311.90    288.90
    925.00    829.00      9.20      8.30     94.00      7.48     15.00     41.00    288.70    310.00    290.00
    922.00    856.00      9.10      8.20     94.00      7.46     15.00     41.00    288.80    310.10    290.10
    885.00   1195.00      7.40      7.10     98.00      7.20     15.00     33.00    290.50    311.20    291.80
    874.00   1298.00      7.20      6.90     98.00      7.19     15.00     30.00    291.40    312.10    292.60
    850.00   1528.00      7.20      6.90     98.00      7.39     15.00     25.00    293.70    315.20    295.00
    847.00   1557.00      7.20      6.90     98.00      7.42     14.00     24.00    294.00    315.60    295.30
    825.00   1774.00      6.90      6.60     98.00      7.47     10.00     16.00    295.90    317.80    297.20
    817.00   1854.00      6.80      6.50     98.00      7.48    338.00     14.00    296.60    318.60    297.90
    794.00   2090.00      7.70      7.40     98.00      8.22    245.00     10.00    300.00    324.50    301.50
    783.00   2205.00      8.20      7.90     98.00      8.61    247.00     13.00    301.70    327.50    303.30
    700.00   3124.00      3.80      2.80     93.00      6.73    265.00     37.00    306.70    327.40    307.90
    550.00   5048.00     -6.50    -12.50     62.00      2.68    274.00     75.00    316.30    325.30    316.80
    534.00   5278.00     -7.10    -11.90     68.00      2.88    275.00     80.00    318.30    328.00    318.90
    511.00   5621.00     -7.90    -11.10     78.00      3.22    268.00     77.00    321.30    332.20    322.00
    500.00   5790.00     -9.30    -11.20     86.00      3.27    265.00     76.00    321.60    332.70    322.30
    452.00   6567.00    -14.30    -15.20     93.00      2.61    257.00     78.00    324.80    333.80    325.30
    438.00   6805.00    -15.70    -17.00     90.00      2.32    255.00     78.00    325.90    334.10    326.40
    413.00   7249.00    -18.30    -20.30     84.00      1.85    255.00     88.00    328.10    334.70    328.50
    400.00   7490.00    -16.10    -30.10     29.00      0.79    255.00     93.00    334.00    337.00    334.10
    398.00   7528.00    -15.90    -31.90     24.00      0.67    255.00     93.00    334.70    337.30    334.90
    381.00   7855.00    -16.70    -33.70     22.00      0.59    255.00     95.00    337.90    340.20    338.00
    377.00   7931.00    -17.40    -34.20     22.00      0.56    255.00     95.00    338.00    340.20    338.10
    300.00   9590.00    -31.90    -45.90     24.00      0.21    260.00     95.00    340.30    341.20    340.30
    299.00   9614.00    -31.90    -45.90     24.00      0.21    260.00     95.00    340.60    341.50    340.70
    295.00   9709.00    -31.70    -48.70     17.00      0.16    260.00     96.00    342.20    342.90    342.20
    284.00   9975.00    -34.10    -50.20     18.00      0.14    260.00     97.00    342.50    343.10    342.60
    258.00  10645.00    -40.10    -54.10     21.00      0.09    264.00     97.00    343.20    343.60    343.20
    250.00  10860.00    -41.50    999.90    999.90    999.90    265.00     97.00    344.20    999.90    344.20
    200.00  12340.00    -51.30    999.90    999.90    999.90    260.00     84.00    351.40    999.90    351.40
    197.00  12435.00    -52.00    999.90    999.90    999.90    260.00     84.00    351.70    999.90    351.70
    150.00  14150.00    -65.10    999.90    999.90    999.90    270.00     86.00    357.70    999.90    357.70
    135.00  14786.00    -68.30    999.90    999.90    999.90    274.00     80.00    363.00    999.90    363.00
    131.00  14964.00    -69.40    999.90    999.90    999.90    275.00     78.00    364.20    999.90    364.20
    116.00  15683.00    -73.70    999.90    999.90    999.90    258.00     78.00    369.10    999.90    369.10
    114.00  15785.00    -73.40    999.90    999.90    999.90    255.00     78.00    371.40    999.90    371.40
    107.00  16156.00    -72.50    999.90    999.90    999.90    264.00     73.00    380.00    999.90    380.00
    106.00  16210.00    -72.90    999.90    999.90    999.90    265.00     72.00    380.30    999.90    380.30
    100.00  16550.00    -75.10    999.90    999.90    999.90    270.00     72.00    382.40    999.90    382.40
     93.00  16961.00    -76.90    999.90    999.90    999.90    270.00     60.00    386.90    999.90    386.90
     86.00  17405.00    -78.80    999.90    999.90    999.90    250.00     54.00    391.80    999.90    391.80
     74.00  18257.00    -82.50    999.90    999.90    999.90    275.00     49.00    401.20    999.90    401.20
     71.50  18452.00    -83.30    999.90    999.90    999.90    275.00     41.00    403.40    999.90    403.40
     70.00  18570.00    -82.30    999.90    999.90    999.90    260.00     37.00    408.00    999.90    408.00
     69.00  18651.00    -81.30    999.90    999.90    999.90    260.00     35.00    411.90    999.90    411.90
     65.80  18920.00    -77.90    999.90    999.90    999.90    252.00     46.00    424.90    999.90    424.90
     65.00  18992.00    -77.60    999.90    999.90    999.90    250.00     49.00    427.00    999.90    427.00
     57.00  19757.00    -74.30    999.90    999.90    999.90    285.00     47.00    450.70    999.90    450.70
     50.00  20520.00    -71.10    999.90    999.90    999.90    280.00     31.00    475.50    999.90    475.50
     49.90  20532.00    -70.90    999.90    999.90    999.90    280.00     31.00    476.30    999.90    476.30
     47.10  20875.00    -67.90    999.90    999.90    999.90    275.00     25.00    491.40    999.90    491.40
     47.00  20888.00    -67.40    999.90    999.90    999.90    275.00     25.00    492.90    999.90    492.90
     46.10  21005.00    -62.70    999.90    999.90    999.90    263.00     22.00    506.90    999.90    506.90
     44.00  21296.00    -61.00    999.90    999.90    999.90    235.00     16.00    517.80    999.90    517.80
     39.00  22047.00    -56.70    999.90    999.90    999.90    273.00     15.00    546.90    999.90    546.90
     37.00  22379.00    -56.90    999.90    999.90    999.90    290.00     14.00    554.60    999.90    554.60
     35.00  22729.00    -57.20    999.90    999.90    999.90    235.00      6.00    562.80    999.90    562.80
     33.00  23100.00    -57.50    999.90    999.90    999.90    260.00     14.00    571.60    999.90    571.60
     31.00  23493.00    -57.80    999.90    999.90    999.90    315.00     12.00    581.10    999.90    581.10
     30.00  23700.00    -57.90    999.90    999.90    999.90    325.00     10.00    586.20    999.90    586.20
     29.00  23914.00    -57.60    999.90    999.90    999.90    345.00      6.00    592.60    999.90    592.60
     27.00  24365.00    -57.10    999.90    999.90    999.90    190.00      2.00    606.40    999.90    606.40
     26.40  24507.00    -56.90    999.90    999.90    999.90    183.00      3.00    610.80    999.90    610.80
     25.00  24853.00    -56.60    999.90    999.90    999.90    165.00      6.00    621.20    999.90    621.20
     23.00  25383.00    -56.20    999.90    999.90    999.90     70.00     10.00    637.50    999.90    637.50
     22.00  25665.00    -56.00    999.90    999.90    999.90    120.00      6.00    646.30    999.90    646.30
     20.20  26207.00    -55.50    999.90    999.90    999.90    138.00      4.00    663.70    999.90    663.70
     20.00    999.90    999.90    999.90    999.90    999.90    140.00      4.00    999.90    999.90    999.90
