47918 ROIG Ishigakijima Observations at 12Z 19 Jan 201
--------------------------------------------------------------------------------------------------------------
      PRES      HGHT      TEMP      DWPT      RELH      MIXR      DRCT      SKNT      THTA      THTE      THTV
       hPa         m         C         C         %      g/kg       deg      knot         K         K         K
--------------------------------------------------------------------------------------------------------------
   1015.00      7.00     20.40     15.40     73.00     10.95     10.00     11.00    292.30    323.60    294.20
   1013.00     23.00     19.20     15.30     78.00     10.90     11.00     11.00    291.30    322.30    293.20
   1000.00    131.00     18.40     14.90     80.00     10.76     15.00     14.00    291.60    322.20    293.40
    925.00    796.00     13.80     12.50     92.00      9.94      5.00     17.00    293.40    322.00    295.20
    902.00   1007.00     12.40     11.50     94.00      9.50     10.00     14.00    294.10    321.50    295.70
    865.00   1358.00     10.00      9.70     98.00      8.82     25.00     10.00    295.10    320.80    296.70
    850.00   1504.00      9.00      9.00    100.00      8.54    355.00     10.00    295.60    320.50    297.10
    832.00   1681.00      7.80      7.80    100.00      8.04    319.00     10.00    296.10    319.70    297.50
    830.00   1701.00      7.70      5.70     87.00      6.95    315.00     10.00    296.20    316.70    297.40
    826.00   1741.00      7.40      1.40     66.00      5.15    311.00     10.00    296.30    311.70    297.20
    812.00   1883.00     10.80      6.40     74.00      7.48    296.00     11.00    301.40    323.80    302.70
    762.00   2406.00      6.90      4.40     84.00      6.91    240.00     12.00    302.70    323.60    304.00
    719.00   2885.00      3.40      2.50     94.00      6.41    240.00     20.00    303.90    323.50    305.10
    700.00   3102.00      1.60      0.60     93.00      5.74    240.00     23.00    304.20    321.90    305.30
    699.00   3114.00      1.50      0.50     93.00      5.69    240.00     23.00    304.30    321.80    305.30
    682.00   3312.00      0.40     -2.00     84.00      4.87    246.00     25.00    305.20    320.30    306.10
    675.00   3396.00      2.60     -9.40     41.00      2.79    248.00     26.00    308.50    317.60    309.00
    654.00   3652.00      3.40    -25.60     10.00      0.73    256.00     29.00    312.20    314.80    312.40
    615.00   4148.00      1.90    -28.60      8.00      0.59    270.00     35.00    316.10    318.20    316.20
    581.00   4608.00      0.60    -31.40      7.00      0.48    275.00     42.00    319.70    321.50    319.80
    544.00   5130.00     -2.20    -37.20      5.00      0.29    280.00     51.00    322.50    323.60    322.50
    500.00   5800.00     -5.70    -44.70      3.00      0.14    265.00     54.00    326.00    326.60    326.10
    450.00   6603.00    -12.00    -46.80      4.00      0.13    260.00     56.00    328.00    328.60    328.10
    400.00   7500.00    -19.10    -49.10      5.00      0.11    270.00     62.00    330.10    330.50    330.10
    378.00   7920.00    -21.50    -53.50      4.00      0.07    270.00     65.00    332.30    332.60    332.30
    358.00   8313.00    -24.10    -53.50      5.00      0.07    270.00     68.00    334.00    334.30    334.00
    300.00   9590.00    -32.70    -53.70     10.00      0.09    270.00     80.00    339.20    339.60    339.20
    259.00  10601.00    -40.10    -64.10      6.00      0.03    274.00     78.00    342.80    342.90    342.80
    250.00  10840.00    -41.70    999.90    999.90    999.90    275.00     78.00    343.90    999.90    343.90
    226.00  11509.00    -46.60    999.90    999.90    999.90    275.00     86.00    346.50    999.90    346.50
    200.00  12320.00    -52.50    999.90    999.90    999.90    270.00     84.00    349.50    999.90    349.50
    173.00  13232.00    -57.80    999.90    999.90    999.90    275.00     80.00    355.40    999.90    355.40
    150.00  14130.00    -63.10    999.90    999.90    999.90    290.00     72.00    361.20    999.90    361.20
    137.00  14669.00    -66.90    999.90    999.90    999.90    285.00     60.00    363.90    999.90    363.90
    110.00  15973.00    -76.10    999.90    999.90    999.90    235.00     41.00    370.10    999.90    370.10
    104.00  16306.00    -78.50    999.90    999.90    999.90    248.00     41.00    371.60    999.90    371.60
    103.00  16361.00    -78.50    999.90    999.90    999.90    250.00     41.00    372.60    999.90    372.60
    100.00  16530.00    -78.70    999.90    999.90    999.90    255.00     39.00    375.40    999.90    375.40
     89.00  17187.00    -82.30    999.90    999.90    999.90    270.00     41.00    380.90    999.90    380.90
     88.00  17250.00    -82.30    999.90    999.90    999.90    270.00     41.00    382.20    999.90    382.20
     76.00  18069.00    -82.10    999.90    999.90    999.90    255.00     27.00    398.90    999.90    398.90
     73.00  18294.00    -82.10    999.90    999.90    999.90    243.00     24.00    403.60    999.90    403.60
     70.00  18530.00    -78.90    999.90    999.90    999.90    230.00     21.00    415.30    999.90    415.30
     67.00  18783.00    -77.40    999.90    999.90    999.90    220.00     23.00    423.80    999.90    423.80
     63.00  19138.00    -75.20    999.90    999.90    999.90    230.00     16.00    436.10    999.90    436.10
     60.00  19419.00    -73.50    999.90    999.90    999.90    190.00     12.00    446.10    999.90    446.10
     58.70  19545.00    -72.70    999.90    999.90    999.90    188.00     13.00    450.60    999.90    450.60
     56.00  19823.00    -72.10    999.90    999.90    999.90    185.00     16.00    458.10    999.90    458.10
     53.00  20147.00    -71.40    999.90    999.90    999.90    325.00      4.00    466.90    999.90    466.90
     50.00  20490.00    -70.70    999.90    999.90    999.90     80.00      6.00    476.50    999.90    476.50
     47.00  20861.00    -69.70    999.90    999.90    999.90    140.00      6.00    487.40    999.90    487.40
     44.00  21257.00    -68.60    999.90    999.90    999.90     30.00     10.00    499.30    999.90    499.30
     41.00  21681.00    -67.50    999.90    999.90    999.90     55.00     14.00    512.30    999.90    512.30
     39.60  21889.00    -66.90    999.90    999.90    999.90     38.00      8.00    518.90    999.90    518.90
     39.00  21983.00    -66.40    999.90    999.90    999.90     30.00      6.00    522.30    999.90    522.30
     33.60  22896.00    -61.90    999.90    999.90    999.90     94.00     16.00    557.00    999.90    557.00
     32.00  23199.00    -61.60    999.90    999.90    999.90    115.00     19.00    565.50    999.90    565.50
     30.00  23600.00    -61.30    999.90    999.90    999.90    100.00     19.00    577.00    999.90    577.00
     29.00  23812.00    -60.90    999.90    999.90    999.90    110.00     16.00    583.60    999.90    583.60
     27.00  24260.00    -60.20    999.90    999.90    999.90     70.00     17.00    597.80    999.90    597.80
     24.00  24998.00    -58.90    999.90    999.90    999.90     60.00     19.00    622.00    999.90    622.00
     22.00  25543.00    -57.90    999.90    999.90    999.90     75.00     19.00    640.40    999.90    640.40
     20.00  26140.00    -56.90    999.90    999.90    999.90     65.00     25.00    661.30    999.90    661.30
     19.00  26464.00    -57.10    999.90    999.90    999.90     65.00     29.00    670.40    999.90    670.40
     17.00  27177.00    -56.00    999.90    999.90    999.90     65.00     39.00    695.70    999.90    695.70
     16.00  27566.00    -55.30    999.90    999.90    999.90     75.00     39.00    709.90    999.90    709.90
     13.00  28898.00    -53.20    999.90    999.90    999.90     55.00     47.00    760.70    999.90    760.70
     10.00  30580.00    -50.50    999.90    999.90    999.90     60.00     47.00    830.00    999.90    830.00
      9.00  31271.00    -49.20    999.90    999.90    999.90     65.00     49.00    860.30    999.90    860.30
      8.10  31961.00    -47.90    999.90    999.90    999.90     61.00     33.00    891.70    999.90    891.70
      8.00  32043.00    -48.00    999.90    999.90    999.90     60.00     31.00    894.60    999.90    894.60
      7.00  32921.00    -48.90    999.90    999.90    999.90     80.00     39.00    925.60    999.90    925.60
      6.60  33307.00    -49.30    999.90    999.90    999.90    999.90    999.90    939.60    999.90    939.60
