47918 ROIG Ishigakijima Observations at 12Z 28 Jan 2015
--------------------------------------------------------------------------------------------------------------
      PRES      HGHT      TEMP      DWPT      RELH      MIXR      DRCT      SKNT      THTA      THTE      THTV
       hPa         m         C         C         %      g/kg       deg      knot         K         K         K
--------------------------------------------------------------------------------------------------------------
   1018.00      7.00     18.00     15.30     84.00     10.85     30.00     10.00    289.70    320.30    291.60
   1000.00    163.00     17.60     13.90     79.00     10.07     30.00     16.00    290.80    319.40    292.50
    982.00    317.00     16.40     13.30     82.00      9.86     30.00     21.00    291.10    319.20    292.80
    925.00    823.00     12.60     11.30     92.00      9.17     55.00     21.00    292.20    318.50    293.80
    850.00   1529.00      8.40      8.40    100.00      8.20     75.00     14.00    294.90    318.80    296.40
    826.00   1764.00      7.20      7.10     99.00      7.71     80.00     10.00    296.10    318.70    297.50
    772.00   2320.00      4.40      4.00     97.00      6.65    202.00     14.00    298.90    318.70    300.10
    754.00   2512.00      3.30      0.60     83.00      5.33    245.00     16.00    299.70    315.80    300.60
    737.00   2697.00      2.20     -2.70     70.00      4.27    256.00     16.00    300.40    313.60    301.20
    700.00   3111.00     -0.50     -4.20     76.00      4.02    280.00     17.00    301.90    314.40    302.60
    692.00   3202.00     -1.10     -4.40     78.00      4.02    285.00     17.00    302.30    314.70    303.00
    641.00   3811.00     -4.90     -5.40     96.00      4.01    272.00     21.00    304.60    317.10    305.30
    636.00   3873.00     -4.10     -5.50     90.00      4.01    270.00     21.00    306.20    318.80    306.90
    635.00   3885.00     -3.50     -6.80     78.00      3.62    270.00     21.00    306.90    318.50    307.60
    632.00   3923.00     -1.90    -10.90     50.00      2.65    273.00     23.00    309.20    317.90    309.70
    614.00   4154.00      1.80    -12.20     35.00      2.45    289.00     35.00    316.10    324.30    316.50
    611.00   4194.00      2.20    -13.80     30.00      2.17    292.00     37.00    317.00    324.30    317.40
    608.00   4233.00      2.10    -14.60     28.00      2.05    295.00     39.00    317.30    324.30    317.70
    558.00   4924.00      0.40    -27.60     10.00      0.71    295.00     60.00    323.20    325.80    323.30
    520.00   5489.00     -1.30    -26.30     13.00      0.86    295.00     78.00    327.70    330.90    327.90
    516.00   5550.00     -1.70    -26.50     13.00      0.85    295.00     80.00    327.90    331.10    328.10
    500.00   5800.00     -3.50    -27.50     14.00      0.80    300.00     76.00    328.70    331.70    328.90
    400.00   7520.00    -16.50    -51.50      3.00      0.08    285.00     78.00    333.50    333.80    333.50
    300.00   9610.00    -32.50    -55.50      8.00      0.07    290.00     78.00    339.40    339.80    339.50
    277.00  10161.00    -37.20    -58.40      9.00      0.05    290.00     78.00    340.40    340.70    340.40
    264.00  10492.00    -40.10    -60.10     10.00      0.04    292.00     80.00    341.00    341.20    341.00
    250.00  10860.00    -43.30    999.90    999.90    999.90    295.00     82.00    341.60    999.90    341.60
    238.00  11182.00    -46.10    999.90    999.90    999.90    295.00     84.00    342.10    999.90    342.10
    200.00  12320.00    -56.10    999.90    999.90    999.90    285.00     80.00    343.80    999.90    343.80
    160.00  13709.00    -66.10    999.90    999.90    999.90    285.00     78.00    349.50    999.90    349.50
    152.00  14020.00    -66.70    999.90    999.90    999.90    285.00     78.00    353.60    999.90    353.60
    150.00  14100.00    -66.90    999.90    999.90    999.90    285.00     78.00    354.60    999.90    354.60
    123.00  15276.00    -71.10    999.90    999.90    999.90    285.00     60.00    367.70    999.90    367.70
    113.00  15778.00    -72.90    999.90    999.90    999.90    270.00     56.00    373.30    999.90    373.30
    103.00  16327.00    -74.90    999.90    999.90    999.90    280.00     54.00    379.60    999.90    379.60
    102.00  16385.00    -75.10    999.90    999.90    999.90    280.00     53.00    380.20    999.90    380.20
    100.00  16500.00    -75.70    999.90    999.90    999.90    280.00     52.00    381.20    999.90    381.20
     73.90  18207.00    -84.10    999.90    999.90    999.90    285.00     39.00    397.90    999.90    397.90
     70.00  18510.00    -79.70    999.90    999.90    999.90    285.00     33.00    413.60    999.90    413.60
     68.00  18675.00    -78.90    999.90    999.90    999.90    280.00     31.00    418.80    999.90    418.80
     67.60  18708.00    -78.70    999.90    999.90    999.90    280.00     30.00    419.90    999.90    419.90
     66.50  18803.00    -72.90    999.90    999.90    999.90    281.00     29.00    434.40    999.90    434.40
     63.00  19124.00    -71.10    999.90    999.90    999.90    285.00     23.00    445.10    999.90    445.10
     59.00  19514.00    -69.00    999.90    999.90    999.90    230.00     23.00    458.30    999.90    458.30
     57.40  19677.00    -68.10    999.90    999.90    999.90    235.00     24.00    463.90    999.90    463.90
     56.00  19828.00    -67.00    999.90    999.90    999.90    240.00     25.00    469.80    999.90    469.80
     50.00  20520.00    -61.70    999.90    999.90    999.90    300.00     14.00    497.70    999.90    497.70
     48.70  20685.00    -59.90    999.90    999.90    999.90    260.00     11.00    505.70    999.90    505.70
     47.00  20906.00    -60.00    999.90    999.90    999.90    205.00      6.00    510.50    999.90    510.50
     45.00  21178.00    -60.20    999.90    999.90    999.90    200.00     12.00    516.50    999.90    516.50
     42.00  21609.00    -60.50    999.90    999.90    999.90    225.00     12.00    526.10    999.90    526.10
     37.00  22400.00    -60.90    999.90    999.90    999.90    220.00     16.00    544.30    999.90    544.30
     30.20  23669.00    -61.70    999.90    999.90    999.90    268.00     14.00    574.80    999.90    574.80
     30.00  23710.00    -61.70    999.90    999.90    999.90    270.00     14.00    575.90    999.90    575.90
     24.00  25114.00    -56.20    999.90    999.90    999.90    320.00     10.00    629.60    999.90    629.60
     23.00  25382.00    -55.20    999.90    999.90    999.90    275.00     16.00    640.40    999.90    640.40
     21.80  25720.00    -53.90    999.90    999.90    999.90    293.00     15.00    654.10    999.90    654.10
     21.00  25958.00    -54.50    999.90    999.90    999.90    305.00     14.00    659.30    999.90    659.30
     20.00  26270.00    -55.30    999.90    999.90    999.90    305.00     19.00    666.20    999.90    666.20
     17.90  26974.00    -57.10    999.90    999.90    999.90    307.00     17.00    681.90    999.90    681.90
     16.00  27688.00    -55.80    999.90    999.90    999.90    310.00     14.00    708.40    999.90    708.40
     15.00  28098.00    -55.10    999.90    999.90    999.90    255.00     16.00    724.00    999.90    724.00
     14.80  28183.00    -54.90    999.90    999.90    999.90    999.90    999.90    727.30    999.90    727.30
