47918 ROIG Ishigakijima Observations at 12Z 07 Jan 2017
--------------------------------------------------------------------------------------------------------------
      PRES      HGHT      TEMP      DWPT      RELH      MIXR      DRCT      SKNT      THTA      THTE      THTV
       hPa         m         C         C         %      g/kg       deg      knot         K         K         K
--------------------------------------------------------------------------------------------------------------
   1012.00      7.00     24.60     19.60     74.00     14.40    210.00      8.00    296.70    338.50    299.30
   1000.00    109.00     23.80     18.90     74.00     13.94    210.00     10.00    296.90    337.40    299.40
    925.00    785.00     18.20     13.50     74.00     10.62    210.00     14.00    297.90    329.00    299.80
    924.00    794.00     18.20     13.30     73.00     10.49    210.00     14.00    298.00    328.80    299.90
    850.00   1505.00     14.00      7.00     63.00      7.44    225.00     16.00    300.80    323.10    302.10
    801.00   2001.00     11.80      2.50     53.00      5.74    240.00     14.00    303.60    321.20    304.60
    768.00   2352.00     10.20     -0.70     47.00      4.75    260.00     16.00    305.60    320.40    306.40
    728.00   2799.00      8.20     -4.80     39.00      3.69    260.00     17.00    308.10    319.90    308.80
    715.00   2948.00      9.60     -2.40     43.00      4.51    260.00     17.00    311.20    325.60    312.00
    700.00   3124.00      8.00     -2.00     49.00      4.74    260.00     17.00    311.30    326.50    312.20
    646.00   3782.00      3.20      0.30     81.00      6.09    261.00     24.00    313.10    332.40    314.20
    610.00   4246.00      0.80     -3.30     74.00      4.94    262.00     29.00    315.50    331.50    316.40
    562.00   4902.00     -2.90     -6.00     79.00      4.37    263.00     37.00    318.60    333.00    319.50
    556.00   4987.00     -3.10    -10.10     58.00      3.21    263.00     38.00    319.40    330.10    320.00
    536.00   5276.00     -4.90    -10.90     63.00      3.12    264.00     41.00    320.60    331.10    321.20
    510.00   5666.00     -7.90     -9.40     89.00      3.70    265.00     45.00    321.50    333.90    322.20
    500.00   5820.00     -9.30    -10.40     92.00      3.48    265.00     47.00    321.60    333.40    322.30
    487.00   6024.00    -10.50    -13.80     77.00      2.72    266.00     49.00    322.60    331.90    323.10
    481.00   6120.00     -9.90    -14.20     71.00      2.66    266.00     50.00    324.50    333.70    325.00
    432.00   6939.00    -16.90    -18.80     85.00      2.02    268.00     58.00    325.70    332.80    326.10
    426.00   7045.00    -16.90    -29.90     31.00      0.75    269.00     59.00    327.00    329.80    327.10
    424.00   7080.00    -15.30    -40.30     10.00      0.27    269.00     60.00    329.50    330.60    329.50
    404.00   7445.00    -16.10    -47.10      5.00      0.14    270.00     63.00    333.00    333.60    333.10
    400.00   7520.00    -16.50    -47.50      5.00      0.13    270.00     64.00    333.50    334.00    333.50
    351.00   8488.00    -22.50    -49.50      7.00      0.12    270.00     75.00    338.10    338.60    338.10
    334.00   8849.00    -25.10    -39.10     26.00      0.39    270.00     79.00    339.30    340.90    339.40
    331.00   8914.00    -25.40    -40.80     22.00      0.33    270.00     80.00    339.70    341.10    339.80
    300.00   9620.00    -29.10    -59.10      4.00      0.04    270.00     74.00    344.20    344.40    344.30
    265.00  10497.00    -35.50    -60.50      6.00      0.04    270.00     77.00    347.30    347.50    347.30
    250.00  10900.00    -39.30    -60.30      9.00      0.05    270.00     78.00    347.50    347.70    347.50
    247.00  10982.00    -40.10    -61.10      9.00      0.04    270.00     78.00    347.50    347.70    347.50
    200.00  12380.00    -52.10    999.90    999.90    999.90    270.00     78.00    350.10    999.90    350.10
    150.00  14190.00    -65.70    999.90    999.90    999.90    270.00     70.00    356.70    999.90    356.70
    147.00  14313.00    -66.50    999.90    999.90    999.90    270.00     68.00    357.40    999.90    357.40
    125.00  15273.00    -71.30    999.90    999.90    999.90    285.00     45.00    365.60    999.90    365.60
    115.00  15767.00    -73.80    999.90    999.90    999.90    295.00     45.00    369.80    999.90    369.80
    108.00  16139.00    -75.70    999.90    999.90    999.90    292.00     39.00    372.90    999.90    372.90
    105.00  16300.00    -77.10    999.90    999.90    999.90    290.00     37.00    373.30    999.90    373.30
    100.00  16580.00    -79.50    999.90    999.90    999.90    285.00     39.00    373.90    999.90    373.90
     89.00  17231.00    -82.20    999.90    999.90    999.90    285.00     35.00    381.10    999.90    381.10
     80.80  17771.00    -84.50    999.90    999.90    999.90    295.00     27.00    387.10    999.90    387.10
     72.10  18411.00    -77.50    999.90    999.90    999.90    299.00     12.00    414.80    999.90    414.80
     70.00  18580.00    -77.30    999.90    999.90    999.90    300.00      8.00    418.70    999.90    418.70
     68.00  18747.00    -76.80    999.90    999.90    999.90    300.00      4.00    423.20    999.90    423.20
     64.00  19096.00    -75.80    999.90    999.90    999.90    235.00      4.00    432.80    999.90    432.80
     60.00  19468.00    -74.70    999.90    999.90    999.90    220.00      4.00    443.30    999.90    443.30
     56.40  19825.00    -73.70    999.90    999.90    999.90    283.00      8.00    453.50    999.90    453.50
     56.00  19867.00    -73.50    999.90    999.90    999.90    290.00      8.00    454.80    999.90    454.80
     52.00  20300.00    -72.00    999.90    999.90    999.90    335.00      4.00    468.30    999.90    468.30
     50.00  20530.00    -71.10    999.90    999.90    999.90     25.00      8.00    475.50    999.90    475.50
     49.00  20653.00    -70.60    999.90    999.90    999.90     50.00     10.00    479.50    999.90    479.50
     43.00  21451.00    -67.30    999.90    999.90    999.90     60.00     17.00    505.90    999.90    505.90
     38.00  22206.00    -64.10    999.90    999.90    999.90     40.00     16.00    532.10    999.90    532.10
     36.00  22536.00    -62.70    999.90    999.90    999.90     50.00     21.00    543.90    999.90    543.90
     34.00  22886.00    -61.30    999.90    999.90    999.90     85.00     17.00    556.70    999.90    556.70
     32.00  23256.00    -59.70    999.90    999.90    999.90     90.00     12.00    570.60    999.90    570.60
     30.00  23650.00    -58.10    999.90    999.90    999.90    130.00     12.00    585.70    999.90    585.70
     28.00  24087.00    -57.00    999.90    999.90    999.90    155.00      8.00    600.50    999.90    600.50
     27.20  24271.00    -56.50    999.90    999.90    999.90    135.00      9.00    606.80    999.90    606.80
     26.00  24560.00    -56.00    999.90    999.90    999.90    105.00     10.00    616.00    999.90    616.00
     25.00  24811.00    -55.60    999.90    999.90    999.90    145.00     10.00    624.10    999.90    624.10
     23.00  25345.00    -54.80    999.90    999.90    999.90    225.00      6.00    641.70    999.90    641.70
     22.00  25630.00    -54.30    999.90    999.90    999.90    270.00      8.00    651.30    999.90    651.30
     20.00  26240.00    -53.30    999.90    999.90    999.90     10.00     10.00    672.30    999.90    672.30
     19.40  26435.00    -53.30    999.90    999.90    999.90     17.00     11.00    678.10    999.90    678.10
     18.40  26777.00    -50.10    999.90    999.90    999.90     28.00     12.00    698.50    999.90    698.50
     17.00  27298.00    -49.40    999.90    999.90    999.90     45.00     14.00    716.70    999.90    716.70
     14.00  28576.00    -47.70    999.90    999.90    999.90    125.00     17.00    763.40    999.90    763.40
     13.00  29063.00    -47.00    999.90    999.90    999.90     85.00     10.00    782.00    999.90    782.00
     12.00  29590.00    -46.30    999.90    999.90    999.90    315.00     17.00    802.60    999.90    802.60
     11.00  30163.00    -45.50    999.90    999.90    999.90    320.00     17.00    825.60    999.90    825.60
     10.00  30790.00    -44.70    999.90    999.90    999.90    315.00     21.00    851.60    999.90    851.60
      9.90  30857.00    -44.70    999.90    999.90    999.90    315.00     21.00    854.00    999.90    854.00
      9.00  31491.00    -46.50    999.90    999.90    999.90    310.00     25.00    870.80    999.90    870.80
      8.70  31717.00    -47.10    999.90    999.90    999.90    999.90    999.90    876.80    999.90    876.80
