47918 ROIG Ishigakijima Observations at 00Z 09 Jan 2016
--------------------------------------------------------------------------------------------------------------
      PRES      HGHT      TEMP      DWPT      RELH      MIXR      DRCT      SKNT      THTA      THTE      THTV
       hPa         m         C         C         %      g/kg       deg      knot         K         K         K
--------------------------------------------------------------------------------------------------------------
   1021.00      7.00     17.80     13.30     75.00      9.48     20.00     10.00    289.20    316.10    290.90
   1000.00    189.00     17.20     12.30     73.00      9.06     25.00     17.00    290.40    316.20    291.90
    942.00    695.00     13.10     10.50     85.00      8.55     30.00     23.00    291.10    315.60    292.60
    925.00    849.00     11.80     10.00     89.00      8.40     40.00     21.00    291.40    315.40    292.80
    875.00   1311.00      9.30      8.50     95.00      8.01     65.00     12.00    293.40    316.70    294.90
    850.00   1552.00      8.00      7.70     98.00      7.81    105.00      8.00    294.50    317.30    295.90
    841.00   1640.00      7.70      7.30     97.00      7.70    120.00      6.00    295.10    317.60    296.50
    838.00   1670.00      7.60      7.20     97.00      7.66    128.00      7.00    295.30    317.70    296.60
    808.00   1971.00      8.00      3.00     71.00      5.93    215.00     12.00    298.80    316.60    299.90
    795.00   2105.00      8.20      1.20     61.00      5.28    220.00     12.00    300.40    316.40    301.40
    747.00   2611.00      3.50     -0.90     73.00      4.84    240.00     12.00    300.80    315.50    301.60
    700.00   3139.00     -1.30     -3.00     88.00      4.40    250.00     16.00    301.00    314.50    301.80
    680.00   3370.00     -3.30     -4.00     95.00      4.20    251.00     20.00    301.30    314.20    302.10
    655.00   3668.00      0.40    -19.60     21.00      1.24    253.00     25.00    308.70    312.90    308.90
    651.00   3718.00      3.40    -32.60      5.00      0.38    253.00     26.00    312.60    314.10    312.70
    639.00   3868.00      3.80    -35.20      4.00      0.30    254.00     28.00    314.80    315.90    314.80
    553.00   5007.00     -5.80    -35.40      8.00      0.34    260.00     47.00    316.60    317.90    316.70
    500.00   5800.00    -12.50    -35.50     13.00      0.37    260.00     49.00    317.70    319.10    317.80
    490.00   5954.00    -13.70    -40.70      8.00      0.22    261.00     50.00    318.10    319.00    318.10
    464.00   6362.00    -15.70    -42.30      8.00      0.20    265.00     54.00    320.70    321.40    320.70
    417.00   7163.00    -19.50    -45.50      8.00      0.16    265.00     78.00    325.70    326.30    325.70
    403.00   7415.00    -21.10    -47.10      8.00      0.14    265.00     86.00    326.70    327.30    326.80
    400.00   7470.00    -21.50    -47.50      8.00      0.13    265.00     86.00    327.00    327.50    327.00
    345.00   8547.00    -28.90    -49.90     11.00      0.12    265.00     99.00    331.00    331.50    331.10
    332.00   8817.00    -31.40    -49.90     14.00      0.12    265.00    103.00    331.30    331.80    331.30
    300.00   9530.00    -37.90    -49.90     27.00      0.13    260.00     99.00    331.80    332.40    331.90
    291.00   9739.00    -39.90    -50.90     30.00      0.12    259.00    100.00    331.90    332.40    331.90
    250.00  10760.00    -48.30    999.90    999.90    999.90    255.00    103.00    334.10    999.90    334.10
    239.00  11054.00    -49.50    999.90    999.90    999.90    260.00    103.00    336.60    999.90    336.60
    227.00  11390.00    -50.90    999.90    999.90    999.90    265.00     97.00    339.50    999.90    339.50
    200.00  12210.00    -51.30    999.90    999.90    999.90    270.00     91.00    351.40    999.90    351.40
    190.00  12544.00    -50.90    999.90    999.90    999.90    260.00     86.00    357.10    999.90    357.10
    174.00  13117.00    -50.30    999.90    999.90    999.90    253.00     90.00    367.30    999.90    367.30
    158.00  13736.00    -55.00    999.90    999.90    999.90    245.00     95.00    369.60    999.90    369.60
    150.00  14070.00    -57.50    999.90    999.90    999.90    250.00     91.00    370.80    999.90    370.80
    107.00  16136.00    -69.70    999.90    999.90    999.90    250.00     72.00    385.40    999.90    385.40
    100.00  16550.00    -72.10    999.90    999.90    999.90    245.00     68.00    388.20    999.90    388.20
     92.00  17037.00    -74.20    999.90    999.90    999.90    255.00     62.00    393.30    999.90    393.30
     88.30  17276.00    -75.30    999.90    999.90    999.90    250.00     59.00    395.80    999.90    395.80
     81.80  17721.00    -73.90    999.90    999.90    999.90    242.00     55.00    407.40    999.90    407.40
     77.00  18070.00    -75.40    999.90    999.90    999.90    235.00     51.00    411.40    999.90    411.40
     71.00  18539.00    -77.40    999.90    999.90    999.90    255.00     51.00    416.90    999.90    416.90
     70.60  18572.00    -77.50    999.90    999.90    999.90    999.90    999.90    417.20    999.90    417.20
