47918 ROIG Ishigakijima Observations at 00Z 06 Jan 2011
--------------------------------------------------------------------------------------------------------------
      PRES      HGHT      TEMP      DWPT      RELH      MIXR      DRCT      SKNT      THTA      THTE      THTV
       hPa         m         C         C         %      g/kg       deg      knot         K         K         K
--------------------------------------------------------------------------------------------------------------
   1018.00      7.00     18.00     16.70     92.00     11.88    100.00      5.00    289.70    323.20    291.70
   1000.00    163.00     16.80     15.80     94.00     11.41    120.00      8.00    289.90    322.20    291.90
    985.00    292.00     16.10     15.30     95.00     11.18    135.00     12.00    290.50    322.20    292.50
    948.00    617.00     14.30     13.90     97.00     10.62    150.00      4.00    291.90    322.20    293.80
    925.00    826.00     13.20     13.00     99.00     10.27    175.00      4.00    292.80    322.20    294.60
    912.00    945.00     12.60     12.40     99.00     10.04    190.00      4.00    293.40    322.30    295.20
    877.00   1272.00     11.10     10.90     99.00      9.43    275.00      4.00    295.10    322.40    296.70
    850.00   1534.00      9.80      9.70     99.00      8.96    295.00      6.00    296.40    322.60    298.00
    844.00   1592.00      9.50      9.40     99.00      8.85    300.00      6.00    296.70    322.60    298.30
    814.00   1889.00      8.00      7.90     99.00      8.29    295.00      8.00    298.20    322.70    299.70
    752.00   2538.00      4.80      4.70     99.00      7.15    250.00      6.00    301.50    323.00    302.80
    700.00   3126.00      1.80      1.70     99.00      6.22    245.00      8.00    304.40    323.50    305.60
    666.00   3520.00     -0.30     -0.50     99.00      5.57    240.00     16.00    306.40    323.70    307.50
    587.00   4521.00     -5.70     -6.00     97.00      4.17    265.00     27.00    311.50    324.80    312.20
    549.00   5051.00     -8.50     -9.00     96.00      3.54    269.00     42.00    314.10    325.70    314.80
    522.00   5440.00    -11.70    -30.70     19.00      0.57    272.00     54.00    314.80    316.90    314.90
    500.00   5770.00    -11.30    -29.30     21.00      0.68    275.00     64.00    319.20    321.70    319.30
    461.00   6399.00     -8.90    -24.90     26.00      1.11    278.00     72.00    329.70    333.80    329.90
    431.00   6919.00    -11.40    -23.60     36.00      1.34    280.00     78.00    332.90    337.80    333.20
    430.00   6937.00    -11.50    -23.50     36.00      1.34    280.00     78.00    333.00    338.00    333.30
    400.00   7490.00    -15.30    -28.30     32.00      0.93    275.00     76.00    335.00    338.60    335.20
    392.00   7642.00    -16.70    -26.70     42.00      1.10    274.00     76.00    335.10    339.30    335.40
    345.00   8580.00    -23.70    -34.40     37.00      0.61    270.00     74.00    338.10    340.50    338.20
    323.00   9063.00    -27.30    -38.30     34.00      0.44    270.00     75.00    339.60    341.30    339.60
    300.00   9590.00    -31.10    -42.10     33.00      0.32    270.00     76.00    341.40    342.70    341.50
    258.00  10636.00    -40.10    -52.10     27.00      0.12    274.00     79.00    343.20    343.70    343.20
    250.00  10850.00    -41.30    999.90    999.90    999.90    275.00     80.00    344.50    999.90    344.50
    200.00  12330.00    -53.10    999.90    999.90    999.90    275.00     80.00    348.50    999.90    348.50
    180.00  12986.00    -58.70    999.90    999.90    999.90    275.00     84.00    350.00    999.90    350.00
    150.00  14120.00    -68.50    999.90    999.90    999.90    255.00     76.00    351.90    999.90    351.90
    138.00  14608.00    -71.70    999.90    999.90    999.90    260.00     78.00    354.80    999.90    354.80
    118.00  15524.00    -77.70    999.90    999.90    999.90    272.00     83.00    359.90    999.90    359.90
    113.00  15769.00    -78.80    999.90    999.90    999.90    275.00     84.00    362.30    999.90    362.30
    106.00  16131.00    -80.50    999.90    999.90    999.90    280.00     80.00    365.90    999.90    365.90
    101.00  16404.00    -81.70    999.90    999.90    999.90    284.00     70.00    368.60    999.90    368.60
    100.00  16460.00    -81.50    999.90    999.90    999.90    285.00     68.00    370.00    999.90    370.00
     92.00  16927.00    -81.80    999.90    999.90    999.90    285.00     58.00    378.40    999.90    378.40
     84.30  17417.00    -82.10    999.90    999.90    999.90    283.00     56.00    387.30    999.90    387.30
     75.60  18021.00    -85.70    999.90    999.90    999.90    280.00     54.00    392.00    999.90    392.00
     75.00  18065.00    -84.80    999.90    999.90    999.90    280.00     51.00    394.70    999.90    394.70
     72.70  18238.00    -81.50    999.90    999.90    999.90    285.00     47.00    405.30    999.90    405.30
     70.00  18450.00    -81.50    999.90    999.90    999.90    290.00     43.00    409.70    999.90    409.70
     65.30  18840.00    -81.70    999.90    999.90    999.90    293.00     40.00    417.50    999.90    417.50
     57.40  19583.00    -71.30    999.90    999.90    999.90    300.00     33.00    456.70    999.90    456.70
     57.00  19624.00    -71.00    999.90    999.90    999.90    300.00     33.00    458.30    999.90    458.30
     52.10  20161.00    -67.30    999.90    999.90    999.90    324.00     23.00    478.80    999.90    478.80
     52.00  20173.00    -67.20    999.90    999.90    999.90    325.00     23.00    479.20    999.90    479.20
     50.10  20398.00    -65.90    999.90    999.90    999.90    278.00     16.00    487.50    999.90    487.50
     50.00  20410.00    -66.10    999.90    999.90    999.90    275.00     16.00    487.30    999.90    487.30
     49.00  20531.00    -67.00    999.90    999.90    999.90    240.00     10.00    488.00    999.90    488.00
     46.00  20908.00    -69.80    999.90    999.90    999.90    200.00     21.00    490.20    999.90    490.20
     43.40  21255.00    -72.30    999.90    999.90    999.90    225.00     27.00    492.20    999.90    492.20
     40.00  21746.00    -68.20    999.90    999.90    999.90    265.00     33.00    514.20    999.90    514.20
     36.20  22346.00    -63.10    999.90    999.90    999.90    274.00     39.00    542.10    999.90    542.10
     36.10  22363.00    -60.70    999.90    999.90    999.90    275.00     39.00    548.80    999.90    548.80
     36.00    999.90    999.90    999.90    999.90    999.90    275.00     39.00    999.90    999.90    999.90
