47918 ROIG Ishigakijima Observations at 00Z 24 Jan 2014
--------------------------------------------------------------------------------------------------------------
      PRES      HGHT      TEMP      DWPT      RELH      MIXR      DRCT      SKNT      THTA      THTE      THTV
       hPa         m         C         C         %      g/kg       deg      knot         K         K         K
--------------------------------------------------------------------------------------------------------------
   1021.00      7.00     16.80      6.80     52.00      6.10     60.00      7.00    288.20    305.70    289.30
   1015.00     58.00     17.80      5.80     45.00      5.73     64.00      8.00    289.70    306.30    290.70
   1000.00    188.00     17.00      6.00     48.00      5.90     75.00     12.00    290.10    307.20    291.20
    985.00    316.00     15.90      5.10     49.00      5.61     80.00     14.00    290.30    306.60    291.30
    925.00    846.00     11.20      1.20     50.00      4.53     75.00     12.00    290.80    304.10    291.60
    874.00   1314.00      7.00     -2.30     51.00      3.71     80.00     12.00    291.20    302.20    291.80
    850.00   1544.00      5.00     -4.00     52.00      3.36     65.00     12.00    291.40    301.40    292.00
    842.00   1621.00      4.20     -4.80     52.00      3.19     60.00     12.00    291.30    300.90    291.90
    811.00   1925.00      1.80     -6.20     55.00      2.98     40.00     12.00    291.90    300.90    292.40
    806.00   1975.00      2.80    -17.20     21.00      1.24     39.00     12.00    293.50    297.40    293.70
    790.00   2137.00      4.00    -29.00      7.00      0.44     36.00     13.00    296.50    298.00    296.50
    718.00   2907.00      1.00    -33.60      6.00      0.31     20.00     17.00    301.40    302.50    301.40
    700.00   3112.00      0.20    -34.80      5.00      0.29     10.00     19.00    302.70    303.70    302.70
    687.00   3262.00      0.10    -36.50      4.00      0.25      0.00     21.00    304.20    305.10    304.20
    670.00   3462.00     -0.10    -38.70      4.00      0.20    358.00     22.00    306.10    306.90    306.20
    602.00   4307.00     -6.30    -48.30      2.00      0.08    350.00     25.00    308.50    308.80    308.50
    599.00   4346.00     -6.10    -50.30      2.00      0.06    350.00     25.00    309.20    309.40    309.20
    594.00   4412.00     -5.70    -53.70      1.00      0.04    350.00     26.00    310.40    310.50    310.40
    547.00   5049.00     -9.90    -56.50      1.00      0.03    355.00     33.00    312.80    312.90    312.80
    526.00   5351.00    -11.90    -57.90      1.00      0.03    351.00     42.00    313.90    314.00    313.90
    505.00   5664.00    -10.50    -57.50      1.00      0.03    346.00     52.00    319.30    319.40    319.30
    500.00   5740.00    -10.90    -56.90      1.00      0.03    345.00     54.00    319.70    319.80    319.70
    477.00   6100.00    -13.10    -47.10      4.00      0.12    338.00     59.00    321.30    321.80    321.30
    401.00   7392.00    -24.50    -39.50     24.00      0.31    310.00     76.00    322.80    324.00    322.90
    400.00   7410.00    -24.50    -39.50     24.00      0.31    310.00     76.00    323.10    324.30    323.10
    390.00   7595.00    -25.30    -41.30     21.00      0.26    304.00     80.00    324.40    325.40    324.40
    374.00   7902.00    -22.50    -54.90      4.00      0.06    295.00     87.00    332.00    332.20    332.00
    364.00   8101.00    -20.70    -63.70      1.00      0.02    296.00     91.00    337.00    337.10    337.00
    322.00   8995.00    -26.30    -67.40      1.00      0.01    300.00    109.00    341.30    341.30    341.30
    300.00   9510.00    -29.50    -69.50      1.00      0.01    295.00    101.00    343.70    343.70    343.70
    285.00   9873.00    -32.30    -71.30      1.00      0.01    288.00     98.00    344.80    344.80    344.80
    250.00  10780.00    -39.30    -76.30      1.00      0.00    270.00     89.00    347.50    347.50    347.50
    247.00  10862.00    -39.90    -76.20      1.00      0.00    270.00     91.00    347.80    347.80    347.80
    246.00  10890.00    -40.10    -76.10      1.00      0.01    270.00     91.00    347.90    347.90    347.90
    200.00  12270.00    -50.50    999.90    999.90    999.90    275.00     95.00    352.60    999.90    352.60
    150.00  14090.00    -64.10    999.90    999.90    999.90    270.00     89.00    359.50    999.90    359.50
    148.00  14169.00    -64.60    999.90    999.90    999.90    270.00     87.00    359.90    999.90    359.90
    103.00  16302.00    -79.30    999.90    999.90    999.90    285.00     52.00    371.10    999.90    371.10
    100.00  16470.00    -78.90    999.90    999.90    999.90    285.00     52.00    375.00    999.90    375.00
     97.00  16643.00    -79.10    999.90    999.90    999.90    285.00     54.00    377.90    999.90    377.90
     87.00  17263.00    -79.80    999.90    999.90    999.90    300.00     56.00    388.40    999.90    388.40
     86.20  17315.00    -79.90    999.90    999.90    999.90    303.00     53.00    389.30    999.90    389.30
     83.40  17505.00    -74.50    999.90    999.90    999.90    315.00     41.00    403.90    999.90    403.90
     81.00  17675.00    -75.00    999.90    999.90    999.90    325.00     31.00    406.40    999.90    406.40
     76.00  18044.00    -76.00    999.90    999.90    999.90    310.00     12.00    411.60    999.90    411.60
     72.00  18357.00    -76.90    999.90    999.90    999.90    285.00     16.00    416.10    999.90    416.10
     71.20  18422.00    -77.10    999.90    999.90    999.90    285.00     16.00    417.10    999.90    417.10
     70.00  18520.00    -76.90    999.90    999.90    999.90    290.00     16.00    419.60    999.90    419.60
     68.00  18688.00    -76.20    999.90    999.90    999.90    290.00     17.00    424.60    999.90    424.60
     60.30  19386.00    -73.10    999.90    999.90    999.90    343.00      6.00    446.30    999.90    446.30
     60.00  19416.00    -73.00    999.90    999.90    999.90    345.00      6.00    447.30    999.90    447.30
     56.00  19826.00    -70.80    999.90    999.90    999.90    255.00      6.00    461.10    999.90    461.10
     50.00  20500.00    -67.30    999.90    999.90    999.90     70.00      6.00    484.50    999.90    484.50
     47.00  20876.00    -65.50    999.90    999.90    999.90    340.00      4.00    497.40    999.90    497.40
     44.00  21277.00    -63.60    999.90    999.90    999.90     75.00      2.00    511.60    999.90    511.60
     43.00  21417.00    -62.90    999.90    999.90    999.90     95.00      9.00    516.60    999.90    516.60
     42.00  21563.00    -62.60    999.90    999.90    999.90    115.00     17.00    520.80    999.90    520.80
     37.00  22349.00    -61.20    999.90    999.90    999.90     85.00     17.00    543.60    999.90    543.60
     34.00  22874.00    -60.30    999.90    999.90    999.90     45.00     16.00    559.30    999.90    559.30
     32.00  23250.00    -59.60    999.90    999.90    999.90     75.00     23.00    570.90    999.90    570.90
     31.00  23447.00    -59.30    999.90    999.90    999.90     85.00     27.00    577.10    999.90    577.10
     30.00  23650.00    -58.90    999.90    999.90    999.90     80.00     27.00    583.50    999.90    583.50
     22.00  25624.00    -54.00    999.90    999.90    999.90     70.00     39.00    652.10    999.90    652.10
     21.00  25920.00    -53.30    999.90    999.90    999.90     95.00     43.00    663.10    999.90    663.10
     20.00  26230.00    -52.50    999.90    999.90    999.90    100.00     39.00    674.70    999.90    674.70
     18.90  26596.00    -52.10    999.90    999.90    999.90    100.00     36.00    687.00    999.90    687.00
     16.00  27676.00    -51.90    999.90    999.90    999.90    100.00     29.00    721.20    999.90    721.20
     14.10  28495.00    -51.70    999.90    999.90    999.90     76.00     25.00    748.30    999.90    748.30
     14.00  28542.00    -51.50    999.90    999.90    999.90     75.00     25.00    750.50    999.90    750.50
     12.00  29563.00    -47.40    999.90    999.90    999.90    110.00     14.00    798.90    999.90    798.90
     11.00  30139.00    -45.00    999.90    999.90    999.90     70.00     14.00    827.40    999.90    827.40
     10.00  30770.00    -42.50    999.90    999.90    999.90     60.00      8.00    859.80    999.90    859.80
      9.00  31484.00    -40.90    999.90    999.90    999.90     30.00     14.00    892.30    999.90    892.30
      8.90  31560.00    -40.70    999.90    999.90    999.90    999.90    999.90    895.80    999.90    895.80
