47918 ROIG Ishigakijima Observations at 00Z 11 Jan 2013
--------------------------------------------------------------------------------------------------------------
      PRES      HGHT      TEMP      DWPT      RELH      MIXR      DRCT      SKNT      THTA      THTE      THTV
       hPa         m         C         C         %      g/kg       deg      knot         K         K         K
--------------------------------------------------------------------------------------------------------------
   1021.00      7.00     17.60     12.70     73.00      9.11     50.00     14.00    289.00    314.80    290.60
   1000.00    185.00     16.40     10.40     68.00      7.97     70.00     31.00    289.60    312.30    290.90
    984.00    321.00     15.20      9.80     70.00      7.80     85.00     45.00    289.70    312.00    291.10
    925.00    843.00     10.80      7.70     81.00      7.17     85.00     39.00    290.40    311.00    291.60
    899.00   1079.00      9.50      7.60     88.00      7.33     90.00     39.00    291.40    312.50    292.70
    858.00   1466.00      7.40      7.40    100.00      7.58    111.00     36.00    293.10    315.10    294.40
    850.00   1543.00      7.20      7.20    100.00      7.55    115.00     35.00    293.70    315.60    295.00
    794.00   2102.00      5.30      4.30     93.00      6.60    150.00     23.00    297.50    317.10    298.70
    761.00   2450.00      4.20      2.50     89.00      6.06    191.00     19.00    299.90    318.10    301.00
    758.00   2482.00      4.00      2.10     87.00      5.93    195.00     19.00    300.00    317.90    301.10
    720.00   2899.00      2.10     -2.50     72.00      4.45    215.00     25.00    302.30    316.10    303.10
    700.00   3127.00      1.00     -5.00     64.00      3.78    210.00     17.00    303.60    315.40    304.30
    689.00   3254.00      0.40     -5.60     64.00      3.67    210.00     14.00    304.30    315.80    304.90
    660.00   3599.00     -1.20     -7.20     64.00      3.39    270.00     16.00    306.20    317.00    306.90
    648.00   3746.00     -1.90     -7.90     64.00      3.27    267.00     20.00    307.10    317.50    307.70
    615.00   4160.00     -5.50    -12.50     58.00      2.39    260.00     33.00    307.50    315.30    308.00
    589.00   4501.00     -2.70    -20.70     24.00      1.26    253.00     44.00    314.60    319.00    314.90
    579.00   4637.00     -2.50    -22.50     20.00      1.09    251.00     48.00    316.40    320.20    316.60
    576.00   4678.00     -2.70    -22.90     20.00      1.06    250.00     49.00    316.60    320.40    316.80
    503.00   5743.00     -8.10    -33.10     11.00      0.47    255.00     58.00    322.60    324.30    322.60
    500.00   5790.00     -8.10    -34.10     10.00      0.43    255.00     58.00    323.10    324.70    323.20
    498.00   5821.00     -8.10    -34.50     10.00      0.42    255.00     60.00    323.50    325.10    323.60
    479.00   6122.00     -8.10    -38.10      7.00      0.30    254.00     61.00    327.10    328.30    327.10
    462.00   6401.00    -10.50    -38.50      8.00      0.30    253.00     61.00    327.50    328.70    327.60
    455.00   6518.00     -8.70    -41.70      5.00      0.22    253.00     62.00    331.20    332.10    331.20
    400.00   7500.00    -15.90    -46.90      5.00      0.14    250.00     64.00    334.20    334.80    334.30
    310.00   9368.00    -31.10    -50.10     14.00      0.13    241.00     76.00    338.20    338.80    338.30
    300.00   9600.00    -32.90    -47.90     21.00      0.17    240.00     78.00    338.90    339.60    338.90
    295.00   9718.00    -32.30    -48.30     19.00      0.16    240.00     79.00    341.40    342.10    341.40
    286.00   9936.00    -34.10    -49.10     20.00      0.15    240.00     81.00    341.80    342.50    341.90
    277.00  10160.00    -33.70    -55.70      9.00      0.07    240.00     83.00    345.60    345.90    345.60
    250.00  10870.00    -39.50    -62.50      7.00      0.03    240.00     89.00    347.20    347.40    347.20
    247.00  10952.00    -40.10    -63.10      7.00      0.03    239.00     90.00    347.50    347.70    347.50
    239.00  11170.00    -41.90    999.90    999.90    999.90    235.00     91.00    348.00    999.90    348.00
    200.00  12350.00    -51.90    999.90    999.90    999.90    230.00     91.00    350.40    999.90    350.40
    180.00  13013.00    -56.60    999.90    999.90    999.90    240.00     86.00    353.50    999.90    353.50
    150.00  14160.00    -64.70    999.90    999.90    999.90    250.00     82.00    358.40    999.90    358.40
    122.00  15392.00    -73.90    999.90    999.90    999.90    259.00     66.00    363.40    999.90    363.40
    119.00  15537.00    -74.40    999.90    999.90    999.90    260.00     64.00    365.20    999.90    365.20
    107.00  16153.00    -76.30    999.90    999.90    999.90    264.00     53.00    372.80    999.90    372.80
    105.00  16261.00    -76.90    999.90    999.90    999.90    265.00     51.00    373.60    999.90    373.60
    100.00  16540.00    -78.50    999.90    999.90    999.90    250.00     47.00    375.80    999.90    375.80
     85.00  17457.00    -82.00    999.90    999.90    999.90    215.00     39.00    386.60    999.90    386.60
     82.20  17646.00    -82.70    999.90    999.90    999.90    230.00     35.00    388.90    999.90    388.90
     80.30  17777.00    -79.10    999.90    999.90    999.90    248.00     34.00    398.90    999.90    398.90
     79.00  17870.00    -79.00    999.90    999.90    999.90    260.00     33.00    401.10    999.90    401.10
     73.00  18321.00    -78.30    999.90    999.90    999.90    270.00     27.00    411.70    999.90    411.70
     70.00  18560.00    -77.90    999.90    999.90    999.90    255.00     31.00    417.40    999.90    417.40
     69.00  18643.00    -77.00    999.90    999.90    999.90    250.00     31.00    421.00    999.90    421.00
     62.90  19180.00    -71.30    999.90    999.90    999.90    302.00     29.00    444.90    999.90    444.90
     62.00  19266.00    -70.90    999.90    999.90    999.90    310.00     29.00    447.70    999.90    447.70
     57.60  19703.00    -68.70    999.90    999.90    999.90    298.00     14.00    462.10    999.90    462.10
     55.00  19984.00    -64.00    999.90    999.90    999.90    290.00      4.00    479.10    999.90    479.10
     53.70  20129.00    -61.50    999.90    999.90    999.90    294.00      6.00    488.10    999.90    488.10
     50.00  20570.00    -61.90    999.90    999.90    999.90    305.00     10.00    497.20    999.90    497.20
     49.00  20696.00    -61.50    999.90    999.90    999.90    310.00     12.00    500.90    999.90    500.90
     46.80  20981.00    -60.70    999.90    999.90    999.90    357.00      9.00    509.60    999.90    509.60
     46.00  21089.00    -59.80    999.90    999.90    999.90     15.00      8.00    514.30    999.90    514.30
     43.40  21455.00    -56.70    999.90    999.90    999.90     54.00     16.00    530.50    999.90    530.50
     43.00  21513.00    -56.90    999.90    999.90    999.90     60.00     17.00    531.40    999.90    531.40
     38.00  22285.00    -59.40    999.90    999.90    999.90    100.00     17.00    544.20    999.90    544.20
     34.00  22980.00    -61.60    999.90    999.90    999.90     80.00     17.00    555.90    999.90    555.90
     32.00  23358.00    -62.80    999.90    999.90    999.90     95.00     19.00    562.40    999.90    562.40
     30.30  23699.00    -63.90    999.90    999.90    999.90    130.00     25.00    568.20    999.90    568.20
     30.00  23760.00    -63.90    999.90    999.90    999.90    130.00     25.00    569.90    999.90    569.90
     26.00  24642.00    -62.50    999.90    999.90    999.90     80.00     17.00    597.60    999.90    597.60
     23.00  25398.00    -61.30    999.90    999.90    999.90    105.00     17.00    622.50    999.90    622.50
     20.00  26260.00    -59.90    999.90    999.90    999.90     45.00     21.00    652.10    999.90    652.10
     18.80  26647.00    -59.10    999.90    999.90    999.90     87.00     23.00    666.20    999.90    666.20
     17.30  27174.00    -54.50    999.90    999.90    999.90    143.00     26.00    696.90    999.90    696.90
     17.00  27285.00    -54.60    999.90    999.90    999.90    155.00     27.00    699.90    999.90    699.90
     16.00  27670.00    -55.10    999.90    999.90    999.90    135.00     23.00    710.60    999.90    710.60
     15.00  28081.00    -55.60    999.90    999.90    999.90    185.00     23.00    722.20    999.90    722.20
     14.00  28519.00    -56.20    999.90    999.90    999.90    155.00     27.00    734.70    999.90    734.70
     13.00  28991.00    -56.70    999.90    999.90    999.90    195.00      8.00    748.40    999.90    748.40
     12.10  29447.00    -57.30    999.90    999.90    999.90    195.00     12.00    762.00    999.90    762.00
     12.00  29500.00    -56.80    999.90    999.90    999.90    195.00     12.00    765.60    999.90    765.60
     11.40  29827.00    -53.50    999.90    999.90    999.90    999.90    999.90    788.70    999.90    788.70
