47918 ROIG Ishigakijima Observations at 12Z 22 Jan 2011
--------------------------------------------------------------------------------------------------------------
      PRES      HGHT      TEMP      DWPT      RELH      MIXR      DRCT      SKNT      THTA      THTE      THTV
       hPa         m         C         C         %      g/kg       deg      knot         K         K         K
--------------------------------------------------------------------------------------------------------------
   1020.00      7.00     18.40     11.40     64.00      8.36     60.00      8.00    289.90    313.80    291.40
   1000.00    174.00     16.60     10.60     68.00      8.08     60.00     12.00    289.80    312.80    291.20
    925.00    831.00     11.00      8.60     85.00      7.63     80.00     16.00    290.60    312.40    291.90
    871.00   1330.00      7.60      7.30     98.00      7.44    100.00     14.00    292.00    313.50    293.40
    865.00   1388.00      7.20      7.20    100.00      7.42    107.00     13.00    292.20    313.60    293.50
    850.00   1532.00      6.60      6.60    100.00      7.24    125.00     12.00    293.10    314.10    294.30
    757.00   2477.00      2.20      1.80     97.00      5.79    234.00     16.00    298.10    315.50    299.20
    736.00   2704.00      1.50     -2.80     73.00      4.26    260.00     17.00    299.80    312.80    300.50
    711.00   2983.00      0.60     -8.40     51.00      2.87    248.00     19.00    301.80    310.80    302.30
    705.00   3051.00      1.00     -8.50     49.00      2.87    245.00     19.00    303.00    312.10    303.50
    700.00   3108.00      1.40     -8.60     47.00      2.87    245.00     21.00    304.00    313.10    304.50
    670.00   3463.00      4.60    -10.40     33.00      2.60    250.00     29.00    311.40    320.00    311.90
    643.00   3797.00      3.40    -19.60     17.00      1.27    255.00     37.00    313.70    318.10    314.00
    638.00   3860.00      3.00    -14.00     27.00      2.04    256.00     39.00    314.00    320.90    314.40
    595.00   4413.00     -0.30    -19.90     21.00      1.33    265.00     52.00    316.40    321.10    316.70
    523.00   5434.00     -6.50    -30.90     13.00      0.56    265.00     45.00    320.90    322.90    321.00
    500.00   5790.00     -8.70    -34.70     10.00      0.40    275.00     54.00    322.40    323.90    322.40
    482.00   6074.00     -9.90    -44.90      4.00      0.15    272.00     57.00    324.30    324.90    324.30
    438.00   6808.00    -13.00    -50.50      3.00      0.09    265.00     64.00    329.40    329.80    329.40
    415.00   7222.00    -14.70    -53.70      2.00      0.06    265.00     66.00    332.30    332.60    332.30
    400.00   7500.00    -16.90    -55.90      2.00      0.05    265.00     68.00    332.90    333.10    332.90
    319.00   9146.00    -30.50    -58.50      5.00      0.04    265.00     81.00    336.30    336.50    336.30
    308.00   9394.00    -30.50    -59.50      4.00      0.04    265.00     83.00    339.70    339.90    339.70
    300.00   9580.00    -32.10    -56.10      7.00      0.06    265.00     84.00    340.00    340.30    340.00
    265.00  10444.00    -40.10    -56.10     16.00      0.07    262.00     85.00    340.60    340.90    340.60
    250.00  10840.00    -43.50    999.90    999.90    999.90    260.00     86.00    341.30    999.90    341.30
    231.00  11361.00    -46.60    999.90    999.90    999.90    255.00     87.00    344.30    999.90    344.30
    200.00  12310.00    -52.30    999.90    999.90    999.90    240.00     95.00    349.80    999.90    349.80
    193.00  12538.00    -53.60    999.90    999.90    999.90    235.00     97.00    351.30    999.90    351.30
    175.00  13164.00    -57.10    999.90    999.90    999.90    243.00     92.00    355.50    999.90    355.50
    150.00  14120.00    -65.90    999.90    999.90    999.90    255.00     84.00    356.40    999.90    356.40
    124.00  15250.00    -75.30    999.90    999.90    999.90    263.00     77.00    359.20    999.90    359.20
    107.00  16095.00    -79.10    999.90    999.90    999.90    270.00     72.00    367.40    999.90    367.40
    103.00  16313.00    -80.10    999.90    999.90    999.90    270.00     72.00    369.60    999.90    369.60
    100.00  16480.00    -80.50    999.90    999.90    999.90    270.00     72.00    371.90    999.90    371.90
     92.60  16912.00    -81.70    999.90    999.90    999.90    284.00     72.00    377.80    999.90    377.80
     92.00  16949.00    -81.60    999.90    999.90    999.90    285.00     72.00    378.70    999.90    378.70
     85.00  17395.00    -80.80    999.90    999.90    999.90    290.00     51.00    389.10    999.90    389.10
     79.00  17807.00    -80.00    999.90    999.90    999.90    270.00     51.00    399.00    999.90    399.00
     75.80  18041.00    -79.50    999.90    999.90    999.90    999.90    999.90    404.70    999.90    404.70
