47918 ROIG Ishigakijima Observations at 00Z 27 Jan 2015
--------------------------------------------------------------------------------------------------------------
      PRES      HGHT      TEMP      DWPT      RELH      MIXR      DRCT      SKNT      THTA      THTE      THTV
       hPa         m         C         C         %      g/kg       deg      knot         K         K         K
--------------------------------------------------------------------------------------------------------------
   1017.00      7.00     18.40     17.20     93.00     12.28     10.00      8.00    290.10    324.80    292.30
   1000.00    155.00     17.60     15.20     86.00     10.97     45.00      6.00    290.80    321.90    292.70
    956.00    539.00     15.40     14.30     93.00     10.81    125.00     10.00    292.30    323.20    294.20
    925.00    820.00     13.80     13.60     99.00     10.69    135.00     14.00    293.40    324.10    295.30
    850.00   1530.00     10.20     10.20    100.00      9.27    145.00     12.00    296.80    323.90    298.50
    807.00   1956.00      7.80      7.80    100.00      8.32    160.00     10.00    298.80    323.40    300.20
    753.00   2524.00      4.70      4.70    100.00      7.16    255.00     12.00    301.30    322.90    302.60
    730.00   2779.00      3.30      3.30    100.00      6.69    280.00     17.00    302.50    322.70    303.70
    700.00   3123.00      1.40      1.40    100.00      6.09    280.00     21.00    304.00    322.60    305.10
    602.00   4321.00     -4.30     -5.70     90.00      4.16    290.00     16.00    310.80    324.10    311.60
    562.00   4867.00     -6.90     -9.00     85.00      3.46    294.00     24.00    313.90    325.20    314.60
    555.00   4965.00     -7.20    -10.50     77.00      3.10    295.00     25.00    314.70    324.90    315.20
    540.00   5178.00     -7.90    -13.90     62.00      2.43    292.00     35.00    316.30    324.50    316.80
    524.00   5413.00     -6.10    -19.10     35.00      1.62    289.00     45.00    321.20    326.90    321.50
    506.00   5687.00     -6.30    -19.30     35.00      1.65    286.00     58.00    324.20    330.00    324.50
    501.00   5764.00     -6.50    -23.50     25.00      1.15    285.00     61.00    324.90    329.10    325.10
    500.00   5780.00     -6.50    -22.50     27.00      1.26    285.00     62.00    325.10    329.60    325.30
    489.00   5953.00     -7.20    -23.90     25.00      1.14    285.00     68.00    326.30    330.50    326.50
    484.00   6033.00     -7.50    -24.50     24.00      1.09    285.00     69.00    326.90    330.90    327.10
    400.00   7490.00    -16.70    -32.70     24.00      0.61    290.00     95.00    333.20    335.60    333.30
    394.00   7603.00    -17.60    -33.60     23.00      0.57    290.00     95.00    333.40    335.60    333.50
    379.00   7892.00    -20.10    -36.10     23.00      0.46    291.00     95.00    333.90    335.70    334.00
    300.00   9580.00    -33.30    -45.30     29.00      0.22    300.00     95.00    338.30    339.30    338.40
    278.00  10111.00    -37.10    -51.00     22.00      0.13    300.00     91.00    340.30    340.80    340.30
    277.00  10136.00    -37.30    -51.30     22.00      0.12    299.00     91.00    340.40    340.90    340.40
    256.00  10678.00    -40.10    -57.10     15.00      0.07    281.00     81.00    344.00    344.30    344.00
    250.00  10840.00    -41.30    999.90    999.90    999.90    275.00     78.00    344.50    999.90    344.50
    235.00  11248.00    -45.00    999.90    999.90    999.90    275.00     78.00    345.10    999.90    345.10
    200.00  12310.00    -54.50    999.90    999.90    999.90    285.00     78.00    346.30    999.90    346.30
    177.00  13066.00    -60.40    999.90    999.90    999.90    275.00     80.00    348.90    999.90    348.90
    151.00  14050.00    -68.10    999.90    999.90    999.90    280.00     82.00    351.90    999.90    351.90
    150.00  14090.00    -68.30    999.90    999.90    999.90    280.00     82.00    352.20    999.90    352.20
    121.00  15361.00    -73.70    999.90    999.90    999.90    999.90    999.90    364.70    999.90    364.70
