47918 ROIG Ishigakijima Observations at 12Z 28 Jan 2017
--------------------------------------------------------------------------------------------------------------
      PRES      HGHT      TEMP      DWPT      RELH      MIXR      DRCT      SKNT      THTA      THTE      THTV
       hPa         m         C         C         %      g/kg       deg      knot         K         K         K
--------------------------------------------------------------------------------------------------------------
   1019.00      7.00     22.40     14.40     61.00     10.22    120.00      8.00    294.00    323.40    295.80
   1000.00    174.00     21.00     14.00     64.00     10.14    125.00     12.00    294.10    323.40    295.90
    925.00    842.00     14.80     12.10     84.00      9.67    130.00     14.00    294.40    322.40    296.10
    898.00   1091.00     12.90     10.30     84.00      8.84    125.00     12.00    295.00    320.70    296.60
    861.00   1444.00     10.20      7.80     85.00      7.77    100.00      8.00    295.70    318.50    297.10
    850.00   1551.00      9.40      6.80     84.00      7.34     80.00      6.00    296.00    317.60    297.30
    827.00   1778.00      8.60      2.70     66.00      5.64     45.00      4.00    297.40    314.30    298.40
    786.00   2198.00      7.00     -5.00     42.00      3.37    128.00     13.00    300.10    310.60    300.70
    783.00   2230.00      7.00     -8.00     33.00      2.68    134.00     14.00    300.40    308.90    300.90
    772.00   2347.00     13.40    -31.60      3.00      0.35    157.00     16.00    308.50    309.80    308.60
    761.00   2467.00     13.40    -34.20      2.00      0.28    180.00     19.00    309.80    310.90    309.90
    755.00   2534.00     13.40    -35.60      2.00      0.25    183.00     18.00    310.50    311.40    310.60
    701.00   3153.00     10.10    -33.00      3.00      0.34    215.00     12.00    313.50    314.70    313.50
    700.00   3165.00     10.00    -33.00      3.00      0.34    215.00     12.00    313.50    314.80    313.60
    675.00   3466.00      7.80    -35.20      3.00      0.29    206.00     14.00    314.30    315.40    314.40
    673.00   3490.00      7.70    -35.20      3.00      0.29    205.00     14.00    314.40    315.50    314.50
    619.00   4167.00      3.40    -34.50      4.00      0.33    215.00     16.00    317.20    318.50    317.30
    569.00   4849.00     -0.80    -33.80      6.00      0.39    260.00     19.00    319.90    321.40    320.00
    559.00   4992.00     -1.70    -33.70      7.00      0.40    258.00     19.00    320.50    322.00    320.60
    524.00   5501.00     -5.20    -36.00      7.00      0.34    250.00     19.00    322.30    323.60    322.40
    500.00   5870.00     -7.70    -37.70      7.00      0.30    280.00     21.00    323.60    324.80    323.60
    493.00   5979.00     -7.90    -29.90     15.00      0.65    289.00     22.00    324.60    327.10    324.80
    481.00   6167.00     -9.40    -30.50     16.00      0.63    305.00     25.00    325.10    327.40    325.20
    442.00   6811.00    -14.70    -32.70     20.00      0.56    307.00     36.00    326.40    328.50    326.50
    429.00   7036.00    -13.90    -40.90      8.00      0.25    308.00     40.00    330.20    331.20    330.20
    400.00   7560.00    -18.10    -37.10     17.00      0.40    310.00     49.00    331.40    332.90    331.50
    399.00   7579.00    -18.30    -37.30     17.00      0.39    310.00     49.00    331.40    332.90    331.40
    391.00   7731.00    -17.10    -45.10      7.00      0.18    308.00     50.00    334.90    335.60    334.90
    329.00   9012.00    -24.10    -50.10      7.00      0.12    286.00     58.00    342.20    342.70    342.20
    300.00   9680.00    -29.90    -53.90      8.00      0.08    275.00     62.00    343.10    343.50    343.10
    261.00  10652.00    -38.40    -59.90      9.00      0.05    265.00     64.00    344.50    344.70    344.50
    254.00  10842.00    -40.10    -61.10      9.00      0.04    265.00     64.00    344.70    344.90    344.80
    250.00  10950.00    -40.70    999.90    999.90    999.90    265.00     64.00    345.40    999.90    345.40
    200.00  12420.00    -53.10    999.90    999.90    999.90    275.00     62.00    348.50    999.90    348.50
    184.00  12942.00    -57.10    999.90    999.90    999.90    275.00     68.00    350.40    999.90    350.40
    163.00  13700.00    -62.90    999.90    999.90    999.90    260.00     76.00    353.00    999.90    353.00
    150.00  14220.00    -66.90    999.90    999.90    999.90    250.00     74.00    354.60    999.90    354.60
    132.00  14968.00    -72.30    999.90    999.90    999.90    260.00     62.00    358.10    999.90    358.10
    109.00  16087.00    -80.50    999.90    999.90    999.90    265.00     47.00    362.90    999.90    362.90
    105.00  16300.00    -76.90    999.90    999.90    999.90    263.00     45.00    373.60    999.90    373.60
    101.00  16523.00    -78.00    999.90    999.90    999.90    260.00     43.00    375.70    999.90    375.70
    100.00  16580.00    -78.30    999.90    999.90    999.90    260.00     43.00    376.20    999.90    376.20
     84.00  17560.00    -82.20    999.90    999.90    999.90    265.00     33.00    387.40    999.90    387.40
     80.20  17820.00    -83.30    999.90    999.90    999.90    280.00     35.00    390.40    999.90    390.40
     77.00  18048.00    -82.50    999.90    999.90    999.90    285.00     33.00    396.60    999.90    396.60
     70.00  18580.00    -80.70    999.90    999.90    999.90    270.00     29.00    411.40    999.90    411.40
     62.90  19188.00    -79.70    999.90    999.90    999.90    258.00     24.00    426.40    999.90    426.40
     56.00  19865.00    -74.80    999.90    999.90    999.90    245.00     19.00    452.00    999.90    452.00
     53.00  20185.00    -72.50    999.90    999.90    999.90    235.00     31.00    464.50    999.90    464.50
     52.30  20262.00    -71.90    999.90    999.90    999.90    242.00     31.00    467.60    999.90    467.60
     50.00  20530.00    -70.50    999.90    999.90    999.90    265.00     29.00    476.90    999.90    476.90
     47.00  20899.00    -68.80    999.90    999.90    999.90    275.00     27.00    489.40    999.90    489.40
     46.40  20975.00    -68.50    999.90    999.90    999.90    999.90    999.90    492.10    999.90    492.10
