47918 ROIG Ishigakijima Observations at 00Z 21 Jan 2018
--------------------------------------------------------------------------------------------------------------
      PRES      HGHT      TEMP      DWPT      RELH      MIXR      DRCT      SKNT      THTA      THTE      THTV
       hPa         m         C         C         %      g/kg       deg      knot         K         K         K
--------------------------------------------------------------------------------------------------------------
   1015.00      7.00     21.40     18.20     82.00     13.13     60.00     11.00    293.30    330.80    295.60
   1000.00    139.00     20.20     15.70     75.00     11.34     60.00     18.00    293.40    325.90    295.40
    969.00    411.00     17.80     14.90     83.00     11.11     63.00     17.00    293.60    325.50    295.50
    949.00    590.00     17.60     11.60     68.00      9.12     64.00     16.00    295.10    321.60    296.80
    941.00    663.00     17.30     11.30     68.00      8.99     65.00     16.00    295.50    321.70    297.10
    925.00    810.00     16.60     10.60     68.00      8.75     50.00     12.00    296.30    321.90    297.80
    920.00    856.00     16.30     10.50     69.00      8.74     55.00     10.00    296.40    322.00    298.00
    895.00   1090.00     14.70     10.10     74.00      8.73      5.00      4.00    297.10    322.80    298.70
    888.00   1157.00     14.30     10.00     75.00      8.73     20.00      4.00    297.40    323.00    298.90
    884.00   1195.00     14.00      9.90     76.00      8.73      0.00      4.00    297.50    323.10    299.00
    870.00   1330.00     13.10      9.60     79.00      8.72    345.00      2.00    297.90    323.60    299.50
    862.00   1409.00     12.60      9.50     81.00      8.72      5.00      2.00    298.10    323.80    299.70
    860.00   1428.00     12.50      9.60     82.00      8.78     15.00      2.00    298.30    324.10    299.80
    857.00   1458.00     12.40      9.70     83.00      8.87      5.00      2.00    298.50    324.60    300.10
    850.00   1527.00     12.20      9.90     86.00      9.08    125.00      2.00    298.90    325.80    300.60
    848.00   1547.00     12.20      9.80     86.00      9.04    160.00      2.00    299.10    325.80    300.70
    841.00   1616.00     12.00      9.40     84.00      8.90    175.00      4.00    299.60    326.00    301.20
    836.00   1666.00     11.90      9.20     84.00      8.80    210.00      2.00    300.00    326.10    301.60
    815.00   1879.00     11.40      8.10     80.00      8.37    235.00      8.00    301.60    326.70    303.20
    808.00   1952.00     11.20      7.70     79.00      8.22    236.00      9.00    302.20    326.90    303.70
    759.00   2472.00      7.60      6.90     95.00      8.29    239.00     17.00    303.80    328.80    305.30
    748.00   2592.00      6.80      6.10     95.00      7.93    240.00     19.00    304.20    328.30    305.70
    733.00   2758.00      5.80      4.90     94.00      7.46    248.00     21.00    304.80    327.60    306.20
    729.00   2803.00      4.80      1.30     78.00      5.80    251.00     22.00    304.20    322.00    305.30
    721.00   2893.00      5.90      2.50     79.00      6.40    255.00     23.00    306.40    326.10    307.60
    719.00   2916.00      6.20      2.80     79.00      6.55    255.00     23.00    307.00    327.20    308.20
    706.00   3066.00      6.40      2.20     75.00      6.39    259.00     26.00    308.80    328.70    310.00
    700.00   3136.00      5.80      1.40     73.00      6.09    260.00     27.00    308.90    327.90    310.00
    662.00   3590.00      2.40     -1.60     75.00      5.17    258.00     31.00    310.00    326.40    311.00
    650.00   3738.00      2.00     -2.10     74.00      5.07    258.00     33.00    311.20    327.30    312.10
    632.00   3964.00      1.80    -11.20     37.00      2.58    257.00     35.00    313.50    322.10    314.00
    625.00   4054.00      1.20     -7.80     51.00      3.42    257.00     36.00    313.80    325.00    314.40
    619.00   4131.00      0.60     -5.40     64.00      4.15    256.00     37.00    314.00    327.40    314.80
    602.00   4354.00     -0.10    -12.10     40.00      2.52    255.00     39.00    315.70    324.10    316.10
    596.00   4434.00     -0.70     -9.70     51.00      3.09    255.00     40.00    315.90    326.10    316.50
    594.00   4461.00     -0.90    -11.90     43.00      2.60    255.00     40.00    315.90    324.60    316.40
    586.00   4569.00     -1.10    -12.10     43.00      2.59    255.00     41.00    316.90    325.70    317.40
    584.00   4597.00     -1.10    -20.10     22.00      1.33    254.00     42.00    317.20    321.90    317.50
    583.00   4610.00     -1.10    -16.10     31.00      1.88    254.00     42.00    317.40    323.80    317.80
    582.00   4624.00     -1.30     -8.30     59.00      3.53    254.00     42.00    317.30    329.00    318.00
    580.00   4651.00     -1.30    -10.30     50.00      3.03    254.00     42.00    317.60    327.80    318.20
    570.00   4790.00     -1.90     -7.90     64.00      3.72    254.00     43.00    318.50    330.90    319.20
    561.00   4916.00     -2.70    -12.70     46.00      2.58    253.00     45.00    319.00    327.80    319.50
    547.00   5116.00     -3.90    -13.90     46.00      2.40    252.00     47.00    319.90    328.10    320.40
    535.00   5290.00     -4.70    -24.70     19.00      0.97    252.00     49.00    321.00    324.50    321.20
    533.00   5320.00     -4.30    -31.30     10.00      0.53    252.00     49.00    321.80    323.80    321.90
    528.00   5394.00     -3.90    -16.90     36.00      1.94    251.00     50.00    323.10    329.90    323.50
    506.00   5727.00     -7.30    -17.20     45.00      1.97    250.00     53.00    322.90    329.80    323.30
    500.00   5820.00     -8.30    -17.30     48.00      1.98    250.00     54.00    322.90    329.80    323.20
    439.00   6817.00    -17.70    -20.00     82.00      1.79    253.00     55.00    323.20    329.50    323.50
    438.00   6834.00    -17.10    -24.10     55.00      1.25    253.00     55.00    324.20    328.70    324.40
    433.00   6920.00    -17.30    -28.30     38.00      0.86    253.00     55.00    325.00    328.20    325.10
    432.00   6938.00    -17.50    -27.50     41.00      0.93    253.00     55.00    324.90    328.40    325.10
    431.00   6955.00    -17.70    -27.70     41.00      0.92    253.00     55.00    324.90    328.30    325.10
    429.00   6990.00    -16.90    -31.90     26.00      0.62    253.00     55.00    326.30    328.70    326.50
    428.00   7008.00    -15.50    -43.50      7.00      0.19    253.00     55.00    328.40    329.10    328.40
    426.00   7043.00    -14.70    -45.70      5.00      0.15    254.00     55.00    329.80    330.40    329.80
    400.00   7520.00    -16.70    -49.70      4.00      0.10    255.00     56.00    333.20    333.60    333.20
    395.00   7615.00    -16.70    -50.70      4.00      0.09    256.00     56.00    334.40    334.80    334.40
    334.00   8857.00    -24.70    -58.70      3.00      0.04    267.00     62.00    339.90    340.10    339.90
    317.00   9233.00    -27.70    -59.30      3.00      0.04    270.00     64.00    340.80    341.00    340.80
    300.00   9630.00    -30.90    -59.90      4.00      0.04    265.00     64.00    341.70    341.90    341.70
    256.00  10729.00    -40.10    -65.10      5.00      0.02    261.00     69.00    344.00    344.10    344.00
    250.00  10890.00    -41.50    999.90    999.90    999.90    260.00     70.00    344.20    999.90    344.20
    200.00  12370.00    -52.30    999.90    999.90    999.90    260.00     76.00    349.80    999.90    349.80
    189.00  12724.00    -55.10    999.90    999.90    999.90    255.00     80.00    351.00    999.90    351.00
    186.00  12824.00    -55.90    999.90    999.90    999.90    255.00     80.00    351.30    999.90    351.30
    165.00  13574.00    -61.80    999.90    999.90    999.90    260.00     80.00    353.70    999.90    353.70
    150.00  14170.00    -66.50    999.90    999.90    999.90    265.00     80.00    355.30    999.90    355.30
    129.00  15061.00    -74.10    999.90    999.90    999.90    257.00     77.00    357.30    999.90    357.30
    124.00  15286.00    -75.20    999.90    999.90    999.90    255.00     76.00    359.40    999.90    359.40
    100.00  16510.00    -81.10    999.90    999.90    999.90    260.00     54.00    370.80    999.90    370.80
     93.30  16897.00    -84.10    999.90    999.90    999.90    255.00     54.00    372.30    999.90    372.30
     93.00    999.90    999.90    999.90    999.90    999.90    255.00     54.00    999.90    999.90    999.90
