47918 ROIG Ishigakijima Observations at 00Z 02 Jan 2014
--------------------------------------------------------------------------------------------------------------
      PRES      HGHT      TEMP      DWPT      RELH      MIXR      DRCT      SKNT      THTA      THTE      THTV
       hPa         m         C         C         %      g/kg       deg      knot         K         K         K
--------------------------------------------------------------------------------------------------------------
   1019.00      7.00     20.80     14.80     69.00     10.49     80.00     12.00    292.40    322.40    294.20
   1000.00    171.00     18.80     12.80     68.00      9.37     90.00     16.00    291.90    318.80    293.60
    981.00    334.00     17.40     12.10     71.00      9.13    100.00     19.00    292.10    318.40    293.80
    939.00    707.00     14.20     10.60     79.00      8.61    100.00     17.00    292.60    317.40    294.10
    934.00    752.00     13.80     10.40     80.00      8.54    112.00     16.00    292.60    317.20    294.10
    925.00    834.00     14.20      9.60     74.00      8.17    135.00     14.00    293.80    317.50    295.30
    902.00   1047.00     14.00      6.50     61.00      6.79    185.00      6.00    295.80    315.80    297.00
    898.00   1084.00     14.00      6.00     59.00      6.57    189.00      6.00    296.10    315.50    297.30
    867.00   1379.00     11.20      5.10     66.00      6.39    225.00      8.00    296.20    315.10    297.30
    850.00   1545.00      9.60      4.60     71.00      6.29    230.00     10.00    296.20    314.80    297.30
    799.00   2053.00      5.00      2.50     84.00      5.76    245.00     16.00    296.50    313.70    297.60
    774.00   2313.00      2.60      1.40     92.00      5.50    217.00     22.00    296.70    313.10    297.70
    768.00   2377.00      7.10     -7.80     34.00      2.78    210.00     23.00    302.20    311.00    302.70
    761.00   2453.00     12.40    -18.60     10.00      1.16    215.00     23.00    308.70    312.70    308.90
    751.00   2563.00     12.80    -24.20      6.00      0.72    222.00     24.00    310.30    312.90    310.50
    706.00   3078.00     10.20    -29.50      4.00      0.47    255.00     25.00    312.90    314.70    313.00
    700.00   3149.00      9.80    -30.20      4.00      0.45    255.00     25.00    313.30    314.90    313.40
    604.00   4351.00      1.20    -24.80     12.00      0.85    264.00     34.00    316.90    319.90    317.00
    543.00   5190.00     -4.40    -28.10     14.00      0.70    270.00     41.00    320.00    322.60    320.10
    518.00   5561.00     -6.80    -29.60     14.00      0.64    255.00     49.00    321.40    323.70    321.50
    500.00   5840.00     -8.70    -30.70     15.00      0.60    255.00     52.00    322.40    324.60    322.50
    491.00   5980.00    -10.10    -26.10     26.00      0.93    256.00     53.00    322.30    325.70    322.50
    460.00   6478.00    -14.50    -25.50     39.00      1.05    259.00     55.00    322.90    326.70    323.10
    448.00   6679.00    -12.50    -52.50      2.00      0.07    260.00     56.00    327.90    328.10    327.90
    424.00   7099.00    -12.50    -58.50      1.00      0.03    262.00     58.00    333.10    333.20    333.10
    400.00   7540.00    -16.30    -55.30      2.00      0.05    265.00     60.00    333.70    333.90    333.70
    374.00   8044.00    -19.10    -63.10      1.00      0.02    265.00     61.00    336.50    336.60    336.50
    349.00   8557.00    -22.10    -64.10      1.00      0.02    265.00     61.00    339.10    339.20    339.10
    320.00   9184.00    -27.60    -67.90      1.00      0.01    265.00     62.00    340.00    340.10    340.00
    300.00   9650.00    -31.70    -70.70      1.00      0.01    270.00     60.00    340.60    340.60    340.60
    256.00  10749.00    -40.10    -62.10      8.00      0.04    266.00     72.00    344.00    344.10    344.00
    250.00  10910.00    -41.30    999.90    999.90    999.90    265.00     74.00    344.50    999.90    344.50
    247.00  10990.00    -41.90    999.90    999.90    999.90    265.00     74.00    344.90    999.90    344.90
    200.00  12390.00    -51.90    999.90    999.90    999.90    265.00     64.00    350.40    999.90    350.40
    162.00  13708.00    -62.50    999.90    999.90    999.90    270.00     66.00    354.40    999.90    354.40
    150.00  14190.00    -66.30    999.90    999.90    999.90    275.00     70.00    355.70    999.90    355.70
    120.00  15493.00    -74.80    999.90    999.90    999.90    270.00     64.00    363.50    999.90    363.50
    106.00  16217.00    -79.60    999.90    999.90    999.90    260.00     60.00    367.60    999.90    367.60
    104.00  16329.00    -80.30    999.90    999.90    999.90    265.00     60.00    368.20    999.90    368.20
    100.00  16550.00    -79.50    999.90    999.90    999.90    275.00     54.00    373.90    999.90    373.90
     88.00  17274.00    -79.50    999.90    999.90    999.90    250.00     45.00    387.80    999.90    387.80
     70.00  18570.00    -79.50    999.90    999.90    999.90    280.00     43.00    414.00    999.90    414.00
     68.50  18693.00    -79.70    999.90    999.90    999.90    280.00     40.00    416.10    999.90    416.10
     65.00  18997.00    -77.10    999.90    999.90    999.90    280.00     33.00    428.20    999.90    428.20
     61.00  19366.00    -73.90    999.90    999.90    999.90    265.00     31.00    443.10    999.90    443.10
     55.90  19873.00    -69.50    999.90    999.90    999.90    286.00     31.00    464.30    999.90    464.30
     55.00  19970.00    -69.20    999.90    999.90    999.90    290.00     31.00    467.10    999.90    467.10
     50.00  20540.00    -67.50    999.90    999.90    999.90    285.00     27.00    484.00    999.90    484.00
     48.90  20674.00    -66.10    999.90    999.90    999.90    280.00     25.00    490.40    999.90    490.40
     46.00  21050.00    -62.00    999.90    999.90    999.90    265.00     19.00    508.90    999.90    508.90
     45.10  21171.00    -60.70    999.90    999.90    999.90    274.00     18.00    515.00    999.90    515.00
     43.00  21470.00    -60.20    999.90    999.90    999.90    295.00     14.00    523.20    999.90    523.20
     38.00  22246.00    -58.90    999.90    999.90    999.90    310.00     10.00    545.30    999.90    545.30
     36.00  22585.00    -58.40    999.90    999.90    999.90    220.00      2.00    555.20    999.90    555.20
     34.00  22944.00    -57.80    999.90    999.90    999.90    300.00      4.00    565.90    999.90    565.90
     32.00  23325.00    -57.20    999.90    999.90    999.90    125.00      4.00    577.50    999.90    577.50
     30.00  23730.00    -56.50    999.90    999.90    999.90    135.00     10.00    590.00    999.90    590.00
     28.00  24172.00    -55.60    999.90    999.90    999.90    135.00     10.00    604.10    999.90    604.10
     25.00  24899.00    -54.20    999.90    999.90    999.90    115.00     12.00    628.00    999.90    628.00
     23.00  25434.00    -53.20    999.90    999.90    999.90    125.00     10.00    646.20    999.90    646.20
     21.00  26017.00    -52.10    999.90    999.90    999.90    110.00     10.00    666.60    999.90    666.60
     20.00  26330.00    -51.50    999.90    999.90    999.90    115.00     10.00    677.80    999.90    677.80
     18.00  27026.00    -50.30    999.90    999.90    999.90    120.00     12.00    702.30    999.90    702.30
     16.00  27804.00    -48.90    999.90    999.90    999.90    100.00     17.00    730.80    999.90    730.80
     15.00  28231.00    -48.20    999.90    999.90    999.90    110.00     23.00    746.90    999.90    746.90
     14.00  28687.00    -47.40    999.90    999.90    999.90    150.00     21.00    764.40    999.90    764.40
     13.00  29176.00    -46.50    999.90    999.90    999.90    155.00     16.00    783.80    999.90    783.80
     11.00  30280.00    -44.60    999.90    999.90    999.90    255.00     16.00    829.00    999.90    829.00
     10.00  30910.00    -43.50    999.90    999.90    999.90     75.00      8.00    856.00    999.90    856.00
      9.60  31185.00    -42.70    999.90    999.90    999.90     56.00      6.00    869.10    999.90    869.10
      9.00  31626.00    -40.30    999.90    999.90    999.90     25.00      2.00    894.40    999.90    894.40
      8.20  32262.00    -36.90    999.90    999.90    999.90    999.90    999.90    932.00    999.90    932.00
