47918 ROIG Ishigakijima Observations at 00Z 14 Jan 2019
--------------------------------------------------------------------------------------------------------------
      PRES      HGHT      TEMP      DWPT      RELH      MIXR      DRCT      SKNT      THTA      THTE      THTV
       hPa         m         C         C         %      g/kg       deg      knot         K         K         K
--------------------------------------------------------------------------------------------------------------
   1020.00      7.00     19.00     13.00     68.00      9.30     30.00      7.00    290.50    317.00    292.10
   1019.00     16.00     18.40      9.40     56.00      7.31     29.00      7.00    290.00    311.00    291.30
   1016.00     41.00     18.40      9.60     56.00      7.43     25.00      6.00    290.30    311.60    291.60
   1000.00    180.00     18.60     10.60     60.00      8.08     45.00     14.00    291.80    315.00    293.20
    997.00    206.00     18.30     10.30     60.00      7.95     45.00     16.00    291.70    314.60    293.10
    994.00    232.00     18.00     10.00     60.00      7.81     45.00     16.00    291.60    314.10    293.00
    957.00    555.00     15.20      9.50     69.00      7.83     45.00     19.00    291.90    314.50    293.30
    925.00    844.00     12.60      9.00     79.00      7.84     45.00     17.00    292.20    314.80    293.60
    885.00   1210.00      9.90      7.50     85.00      7.39     35.00     16.00    293.10    314.50    294.40
    856.00   1487.00      7.80      6.30     90.00      7.06     15.00     12.00    293.80    314.30    295.00
    850.00   1545.00      7.40      6.10     91.00      6.99      0.00     10.00    293.90    314.30    295.10
    848.00   1564.00      7.20      5.90     91.00      6.91    355.00     10.00    293.90    314.10    295.10
    840.00   1643.00     10.40      6.70     78.00      7.38    337.00     11.00    298.00    319.90    299.40
    822.00   1822.00      9.70      4.90     72.00      6.67    295.00     12.00    299.10    319.10    300.30
    783.00   2225.00      8.00      1.00     61.00      5.28    287.00     18.00    301.50    317.60    302.50
    753.00   2546.00      6.00      0.40     67.00      5.27    280.00     23.00    302.70    318.90    303.70
    741.00   2678.00      5.20      0.20     70.00      5.27    271.00     25.00    303.20    319.40    304.20
    720.00   2911.00      3.60     -0.20     76.00      5.26    255.00     29.00    304.00    320.20    304.90
    700.00   3140.00      2.00     -0.60     83.00      5.26    255.00     33.00    304.70    320.90    305.60
    693.00   3221.00      2.40     -1.50     75.00      4.97    258.00     34.00    306.00    321.50    306.90
    690.00   3257.00      2.20     -3.80     65.00      4.21    259.00     34.00    306.10    319.40    306.90
    677.00   3410.00      2.20    -10.80     38.00      2.49    265.00     36.00    307.80    315.90    308.30
    640.00   3866.00      3.60    -29.40      7.00      0.53    281.00     42.00    314.40    316.30    314.50
    630.00   3992.00      2.90    -29.20      7.00      0.55    285.00     43.00    314.90    316.90    315.10
    604.00   4330.00      0.80    -28.70      9.00      0.60    280.00     45.00    316.50    318.60    316.60
    551.00   5066.00     -3.50    -27.50     14.00      0.73    282.00     48.00    319.70    322.40    319.90
    537.00   5269.00     -3.50    -31.50      9.00      0.51    283.00     49.00    322.10    324.00    322.20
    500.00   5830.00     -7.30    -36.30      8.00      0.35    285.00     51.00    324.10    325.40    324.10
    434.00   6902.00    -15.00    -44.70      6.00      0.17    285.00     60.00    327.60    328.30    327.70
    400.00   7520.00    -19.50    -49.50      5.00      0.10    275.00     60.00    329.60    330.00    329.60
    335.00   8818.00    -28.10    -48.10     13.00      0.15    270.00     72.00    334.90    335.60    335.00
    334.00   8839.00    -28.30    -48.00     13.00      0.15    270.00     72.00    335.00    335.60    335.00
    316.00   9232.00    -31.80    -45.50     25.00      0.21    275.00     74.00    335.40    336.30    335.50
    300.00   9600.00    -35.10    -43.10     44.00      0.28    275.00     82.00    335.80    336.90    335.80
    293.00   9764.00    -36.70    -44.70     43.00      0.24    275.00     81.00    335.80    336.80    335.80
    283.00  10004.00    -37.50    -56.20     12.00      0.07    275.00     80.00    338.00    338.30    338.10
    280.00  10078.00    -37.70    -59.70      8.00      0.04    275.00     80.00    338.70    338.90    338.70
    268.00  10378.00    -40.10    -61.10      9.00      0.04    275.00     82.00    339.50    339.70    339.50
    250.00  10850.00    -42.30    999.90    999.90    999.90    275.00     84.00    343.00    999.90    343.00
    200.00  12320.00    -54.30    999.90    999.90    999.90    270.00     87.00    346.60    999.90    346.60
    150.00  14090.00    -68.70    999.90    999.90    999.90    260.00     87.00    351.60    999.90    351.60
    138.00  14587.00    -70.90    999.90    999.90    999.90    260.00     93.00    356.10    999.90    356.10
    133.00  14806.00    -71.20    999.90    999.90    999.90    260.00     95.00    359.30    999.90    359.30
    124.00  15220.00    -71.90    999.90    999.90    999.90    265.00     93.00    365.40    999.90    365.40
    116.00  15615.00    -70.90    999.90    999.90    999.90    271.00     91.00    374.30    999.90    374.30
    103.00  16308.00    -76.30    999.90    999.90    999.90    280.00     87.00    376.80    999.90    376.80
    100.00  16480.00    -77.70    999.90    999.90    999.90    285.00     87.00    377.40    999.90    377.40
     97.00  16653.00    -79.10    999.90    999.90    999.90    285.00     86.00    377.90    999.90    377.90
     94.50  16802.00    -80.30    999.90    999.90    999.90    285.00     82.00    378.40    999.90    378.40
     86.00  17341.00    -77.70    999.90    999.90    999.90    295.00     52.00    394.00    999.90    394.00
     81.00  17684.00    -76.00    999.90    999.90    999.90    285.00     43.00    404.20    999.90    404.20
     80.70  17705.00    -75.90    999.90    999.90    999.90    284.00     43.00    404.90    999.90    404.90
     76.00  18049.00    -77.50    999.90    999.90    999.90    270.00     45.00    408.60    999.90    408.60
     70.00  18520.00    -79.70    999.90    999.90    999.90    280.00     41.00    413.60    999.90    413.60
     69.90  18528.00    -79.50    999.90    999.90    999.90    280.00     41.00    414.20    999.90    414.20
     67.00  18775.00    -76.00    999.90    999.90    999.90    285.00     43.00    426.80    999.90    426.80
     64.00  19041.00    -72.20    999.90    999.90    999.90    310.00     31.00    440.70    999.90    440.70
     60.90  19330.00    -68.10    999.90    999.90    999.90    291.00     18.00    456.10    999.90    456.10
     60.00  19419.00    -68.50    999.90    999.90    999.90    285.00     14.00    457.10    999.90    457.10
     57.00  19723.00    -70.00    999.90    999.90    999.90    260.00     16.00    460.60    999.90    460.60
     53.70  20077.00    -71.70    999.90    999.90    999.90    299.00     16.00    464.60    999.90    464.60
     50.00  20500.00    -69.10    999.90    999.90    999.90    345.00     16.00    480.20    999.90    480.20
     48.00  20744.00    -68.90    999.90    999.90    999.90      0.00     16.00    486.30    999.90    486.30
     46.00  20999.00    -68.70    999.90    999.90    999.90    315.00     12.00    492.80    999.90    492.80
     43.00  21403.00    -68.40    999.90    999.90    999.90    355.00     19.00    503.10    999.90    503.10
     40.40  21776.00    -68.10    999.90    999.90    999.90    351.00     16.00    512.90    999.90    512.90
     40.00    999.90    999.90    999.90    999.90    999.90    350.00     16.00    999.90    999.90    999.90
