47918 ROIG Ishigakijima Observations at 12Z 25 Jan 2013
--------------------------------------------------------------------------------------------------------------
      PRES      HGHT      TEMP      DWPT      RELH      MIXR      DRCT      SKNT      THTA      THTE      THTV
       hPa         m         C         C         %      g/kg       deg      knot         K         K         K
--------------------------------------------------------------------------------------------------------------
   1019.00      7.00     15.60     11.40     76.00      8.37     40.00      5.00    287.20    310.80    288.60
   1000.00    167.00     15.00      8.00     63.00      6.77     35.00     12.00    288.10    307.50    289.30
    981.00    328.00     13.60      7.60     67.00      6.73     35.00     19.00    288.40    307.60    289.50
    947.00    624.00     11.10      7.00     76.00      6.65     50.00     17.00    288.70    307.70    289.90
    925.00    821.00      9.40      6.50     82.00      6.60     45.00     16.00    288.90    307.80    290.10
    910.00    956.00      8.60      6.00     84.00      6.49     45.00     16.00    289.40    308.00    290.50
    883.00   1205.00      7.00      5.10     88.00      6.27    357.00      9.00    290.30    308.40    291.40
    874.00   1290.00      7.00      5.60     91.00      6.57    340.00      6.00    291.10    310.10    292.30
    850.00   1519.00      7.00      7.00    100.00      7.44    285.00     10.00    293.50    315.10    294.80
    847.00   1548.00      7.20      7.20    100.00      7.57    276.00     11.00    294.00    316.00    295.30
    840.00   1617.00      7.60      7.30     98.00      7.68    255.00     12.00    295.10    317.60    296.50
    831.00   1706.00      8.20      7.40     95.00      7.83    255.00     13.00    296.60    319.60    298.00
    700.00   3108.00      1.00      0.90     99.00      5.87    260.00     29.00    303.60    321.50    304.60
    679.00   3350.00     -0.60     -0.80     99.00      5.36    255.00     33.00    304.50    321.00    305.40
    603.00   4292.00     -6.70     -7.20     96.00      3.71    251.00     38.00    307.90    319.70    308.60
    588.00   4488.00     -8.40     -8.90     96.00      3.33    250.00     39.00    308.10    318.80    308.70
    584.00   4541.00     -8.90     -9.40     96.00      3.23    251.00     40.00    308.10    318.50    308.80
    583.00   4554.00     -8.90    -13.70     68.00      2.29    251.00     41.00    308.30    315.80    308.70
    567.00   4769.00    -10.90    -27.90     23.00      0.68    253.00     46.00    308.40    310.80    308.50
    509.00   5594.00    -13.10    -27.10     30.00      0.82    263.00     68.00    315.40    318.30    315.60
    500.00   5730.00    -12.70    -28.70     25.00      0.72    265.00     72.00    317.50    320.10    317.60
    481.00   6026.00    -12.90    -28.90     25.00      0.73    266.00     78.00    320.80    323.50    320.90
    468.00   6235.00    -10.90    -34.90     12.00      0.42    267.00     83.00    325.80    327.40    325.90
    441.00   6690.00    -12.90    -41.90      7.00      0.22    269.00     92.00    328.80    329.70    328.90
    423.00   7006.00    -14.00    -43.40      6.00      0.19    270.00     99.00    331.40    332.10    331.40
    400.00   7430.00    -15.50    -45.50      6.00      0.16    265.00     99.00    334.80    335.40    334.80
    365.00   8115.00    -18.90    -47.90      6.00      0.14    268.00    101.00    339.10    339.70    339.10
    300.00   9540.00    -30.70    -51.70     11.00      0.11    275.00    105.00    342.00    342.50    342.00
    264.00  10433.00    -38.30    -55.20     15.00      0.08    265.00    103.00    343.60    344.00    343.60
    256.00  10648.00    -40.10    -56.10     16.00      0.08    262.00    103.00    344.00    344.30    344.00
    250.00  10810.00    -41.10    999.90    999.90    999.90    260.00    103.00    344.80    999.90    344.80
    200.00  12290.00    -51.70    999.90    999.90    999.90    260.00    103.00    350.70    999.90    350.70
    163.00  13574.00    -61.30    999.90    999.90    999.90    245.00    109.00    355.70    999.90    355.70
    155.00  13890.00    -63.70    999.90    999.90    999.90    248.00    107.00    356.80    999.90    356.80
    150.00  14090.00    -64.30    999.90    999.90    999.90    250.00    105.00    359.10    999.90    359.10
    108.00  16036.00    -77.30    999.90    999.90    999.90    259.00     86.00    369.90    999.90    369.90
    105.00  16198.00    -76.10    999.90    999.90    999.90    260.00     84.00    375.20    999.90    375.20
    103.00  16309.00    -75.30    999.90    999.90    999.90    262.00     82.00    378.80    999.90    378.80
    100.00  16480.00    -76.50    999.90    999.90    999.90    265.00     78.00    379.70    999.90    379.70
     95.00  16771.00    -77.50    999.90    999.90    999.90    275.00     72.00    383.30    999.90    383.30
     80.00  17745.00    -80.90    999.90    999.90    999.90    265.00     68.00    395.60    999.90    395.60
     77.70  17911.00    -81.50    999.90    999.90    999.90    270.00     62.00    397.70    999.90    397.70
     70.00  18500.00    -78.10    999.90    999.90    999.90    285.00     47.00    417.00    999.90    417.00
     68.00  18668.00    -77.20    999.90    999.90    999.90    290.00     43.00    422.30    999.90    422.30
     62.00  19205.00    -74.50    999.90    999.90    999.90    250.00     39.00    439.60    999.90    439.60
     52.00  20226.00    -69.30    999.90    999.90    999.90    266.00     34.00    474.40    999.90    474.40
     50.00  20460.00    -67.10    999.90    999.90    999.90    270.00     33.00    484.90    999.90    484.90
     48.00  20707.00    -66.80    999.90    999.90    999.90    275.00     31.00    491.50    999.90    491.50
     45.00  21098.00    -66.20    999.90    999.90    999.90    250.00     41.00    502.00    999.90    502.00
     43.00  21373.00    -65.80    999.90    999.90    999.90    255.00     43.00    509.50    999.90    509.50
     42.50  21444.00    -65.70    999.90    999.90    999.90    999.90    999.90    511.40    999.90    511.40
