47918 ROIG Ishigakijima Observations at 00Z 23 Jan 2011
--------------------------------------------------------------------------------------------------------------
      PRES      HGHT      TEMP      DWPT      RELH      MIXR      DRCT      SKNT      THTA      THTE      THTV
       hPa         m         C         C         %      g/kg       deg      knot         K         K         K
--------------------------------------------------------------------------------------------------------------
   1020.00      7.00     18.80     14.50     76.00     10.27     70.00      8.00    290.30    319.50    292.10
   1000.00    175.00     17.00     13.50     80.00      9.81     75.00     12.00    290.10    318.00    291.90
    945.00    654.00     13.50     11.60     88.00      9.16     95.00     14.00    291.30    317.50    292.90
    925.00    835.00     12.20     10.90     92.00      8.92    155.00      8.00    291.80    317.40    293.40
    904.00   1027.00     11.00      9.80     92.00      8.48    225.00      2.00    292.50    316.90    293.90
    887.00   1186.00     10.00      8.90     93.00      8.13    243.00      4.00    293.00    316.50    294.40
    863.00   1414.00      9.10      7.00     87.00      7.35    270.00      8.00    294.40    315.80    295.70
    850.00   1540.00      8.60      6.00     84.00      6.94    270.00     10.00    295.10    315.50    296.40
    791.00   2129.00      5.30      2.80     84.00      5.96    270.00     17.00    297.80    315.60    298.80
    729.00   2796.00      1.60     -0.80     84.00      4.98    298.00     24.00    300.70    315.90    301.60
    725.00   2841.00      1.30     -1.00     85.00      4.93    300.00     25.00    300.90    315.90    301.80
    711.00   2998.00      0.20     -1.70     87.00      4.77    286.00     27.00    301.30    315.90    302.20
    700.00   3123.00      1.40     -4.60     64.00      3.90    275.00     29.00    304.00    316.20    304.70
    698.00   3146.00      1.40     -5.60     60.00      3.63    273.00     29.00    304.20    315.60    304.90
    695.00   3181.00      1.30     -6.00     58.00      3.54    270.00     29.00    304.50    315.70    305.20
    663.00   3559.00      0.20     -9.80     47.00      2.75    269.00     38.00    307.40    316.30    307.90
    603.00   4318.00      0.20    -21.80     17.00      1.11    266.00     56.00    315.90    319.80    316.10
    583.00   4584.00     -1.60    -24.50     16.00      0.91    265.00     62.00    316.80    320.10    317.00
    521.00   5470.00     -7.50    -33.50     10.00      0.44    269.00     62.00    320.10    321.70    320.10
    500.00   5790.00     -7.70    -49.70      2.00      0.08    270.00     62.00    323.60    323.90    323.60
    476.00   6172.00     -9.10    -44.10      4.00      0.16    269.00     62.00    326.40    327.10    326.50
    400.00   7500.00    -17.30    -56.30      2.00      0.05    265.00     64.00    332.40    332.60    332.40
    363.00   8217.00    -22.90    -64.90      1.00      0.02    261.00     66.00    334.30    334.40    334.30
    352.00   8437.00    -24.60    -63.40      1.00      0.02    260.00     66.00    334.90    335.00    334.90
    300.00   9580.00    -33.70    -55.70      9.00      0.07    265.00     76.00    337.80    338.10    337.80
    276.00  10161.00    -38.10    -54.10     17.00      0.09    260.00     81.00    339.60    339.90    339.60
    271.00  10288.00    -37.70    -55.70     13.00      0.07    259.00     82.00    341.90    342.20    341.90
    261.00  10547.00    -40.10    -57.10     15.00      0.07    257.00     84.00    342.10    342.40    342.10
    250.00  10840.00    -42.70    999.90    999.90    999.90    255.00     86.00    342.40    999.90    342.40
    233.00  11309.00    -47.10    999.90    999.90    999.90    255.00     84.00    342.80    999.90    342.80
    222.00  11631.00    -50.10    999.90    999.90    999.90    253.00     88.00    342.90    999.90    342.90
    200.00  12310.00    -52.90    999.90    999.90    999.90    250.00     97.00    348.80    999.90    348.80
    197.00  12405.00    -53.50    999.90    999.90    999.90    250.00     97.00    349.30    999.90    349.30
    170.00  13335.00    -59.90    999.90    999.90    999.90    255.00     92.00    353.80    999.90    353.80
    150.00  14100.00    -66.70    999.90    999.90    999.90    260.00     87.00    355.00    999.90    355.00
    137.00  14645.00    -71.70    999.90    999.90    999.90    266.00     80.00    355.50    999.90    355.50
    128.00  15040.00    -73.80    999.90    999.90    999.90    270.00     74.00    358.60    999.90    358.60
    104.00  16245.00    -80.30    999.90    999.90    999.90    265.00     66.00    368.20    999.90    368.20
    102.00  16358.00    -80.90    999.90    999.90    999.90    265.00     66.00    369.10    999.90    369.10
    100.00  16470.00    -80.30    999.90    999.90    999.90    275.00     66.00    372.30    999.90    372.30
     93.00  16882.00    -78.80    999.90    999.90    999.90    290.00     52.00    383.10    999.90    383.10
     90.80  17018.00    -78.30    999.90    999.90    999.90    281.00     46.00    386.70    999.90    386.70
     88.00  17195.00    -78.90    999.90    999.90    999.90    270.00     39.00    389.00    999.90    389.00
     83.00  17527.00    -80.00    999.90    999.90    999.90    250.00     49.00    393.40    999.90    393.40
     78.00  17879.00    -81.10    999.90    999.90    999.90    261.00     50.00    398.10    999.90    398.10
     70.00  18490.00    -79.50    999.90    999.90    999.90    280.00     52.00    414.00    999.90    414.00
     69.00  18573.00    -79.20    999.90    999.90    999.90    285.00     51.00    416.40    999.90    416.40
     58.00  19570.00    -75.20    999.90    999.90    999.90    280.00     45.00    446.50    999.90    446.50
     55.00  19875.00    -74.00    999.90    999.90    999.90    300.00     39.00    456.10    999.90    456.10
     52.90  20099.00    -73.10    999.90    999.90    999.90    294.00     36.00    463.30    999.90    463.30
     50.00  20430.00    -70.70    999.90    999.90    999.90    285.00     31.00    476.50    999.90    476.50
     46.00  20934.00    -68.40    999.90    999.90    999.90    280.00     23.00    493.60    999.90    493.60
     43.00  21342.00    -66.50    999.90    999.90    999.90    285.00     19.00    507.80    999.90    507.80
     38.00  22090.00    -63.00    999.90    999.90    999.90    235.00     29.00    534.90    999.90    534.90
     36.00  22417.00    -61.50    999.90    999.90    999.90    247.00     31.00    547.10    999.90    547.10
     31.00  23346.00    -59.70    999.90    999.90    999.90    280.00     35.00    575.90    999.90    575.90
     30.00  23550.00    -59.30    999.90    999.90    999.90    280.00     33.00    582.40    999.90    582.40
     27.00  24220.00    -57.50    999.90    999.90    999.90    280.00     31.00    605.30    999.90    605.30
     20.00  26130.00    -52.30    999.90    999.90    999.90    265.00     35.00    675.30    999.90    675.30
     17.00  27206.00    -49.00    999.90    999.90    999.90    255.00     41.00    718.00    999.90    718.00
     14.00  28491.00    -45.00    999.90    999.90    999.90    255.00     41.00    772.30    999.90    772.30
     11.30  29910.00    -40.70    999.90    999.90    999.90    242.00     65.00    836.70    999.90    836.70
     11.00  30092.00    -40.90    999.90    999.90    999.90    240.00     68.00    842.60    999.90    842.60
     10.30  30538.00    -41.30    999.90    999.90    999.90    247.00     68.00    857.00    999.90    857.00
     10.00  30740.00    -37.50    999.90    999.90    999.90    250.00     68.00    878.40    999.90    878.40
      9.90  30810.00    -36.30    999.90    999.90    999.90    249.00     68.00    885.40    999.90    885.40
      9.00  31466.00    -39.00    999.90    999.90    999.90    235.00     64.00    899.50    999.90    899.50
      8.90  31543.00    -39.30    999.90    999.90    999.90    999.90    999.90    901.20    999.90    901.20
