47918 ROIG Ishigakijima Observations at 00Z 10 Jan 2019
--------------------------------------------------------------------------------------------------------------
      PRES      HGHT      TEMP      DWPT      RELH      MIXR      DRCT      SKNT      THTA      THTE      THTV
       hPa         m         C         C         %      g/kg       deg      knot         K         K         K
--------------------------------------------------------------------------------------------------------------
   1020.00      7.00     21.40     21.00     98.00     15.61     70.00      9.00    292.90    337.40    295.60
   1018.00     24.00     21.30     20.80     97.00     15.47     65.00      6.00    293.00    337.10    295.70
   1000.00    183.00     20.60     19.30     92.00     14.30     85.00     17.00    293.80    334.70    296.30
    989.00    278.00     20.10     18.80     92.00     14.04     90.00     19.00    294.20    334.40    296.60
    925.00    852.00     17.00     16.00     94.00     12.51    120.00     16.00    296.70    333.00    298.90
    912.00    973.00     16.50     15.50     94.00     12.26    125.00     14.00    297.30    333.00    299.50
    850.00   1576.00     13.80     12.80     94.00     11.04    140.00     10.00    300.60    333.30    302.60
    843.00   1645.00     13.40     12.30     93.00     10.78    150.00     10.00    300.90    332.90    302.90
    809.00   1991.00     11.60      9.90     90.00      9.56    185.00     10.00    302.50    331.10    304.20
    776.00   2341.00      9.70      7.50     86.00      8.45    220.00     14.00    304.10    329.60    305.60
    732.00   2831.00      7.00      4.10     82.00      7.06    245.00     15.00    306.30    328.00    307.60
    723.00   2933.00      6.20      1.20     70.00      5.81    250.00     16.00    306.50    324.50    307.60
    719.00   2979.00      8.40      0.40     57.00      5.51    253.00     16.00    309.40    326.70    310.40
    715.00   3025.00      8.90     -1.10     50.00      4.98    255.00     16.00    310.50    326.30    311.40
    713.00   3049.00      9.20     -1.80     46.00      4.73    256.00     16.00    311.00    326.10    311.90
    700.00   3202.00      8.40     -3.60     43.00      4.21    265.00     16.00    311.80    325.30    312.60
    685.00   3378.00      7.10     -5.50     40.00      3.74    265.00     16.00    312.20    324.40    312.90
    629.00   4069.00      2.00    -12.70     33.00      2.30    250.00     21.00    314.10    321.80    314.50
    621.00   4173.00      1.20    -13.80     32.00      2.13    250.00     23.00    314.40    321.50    314.80
    602.00   4420.00     -0.10    -17.00     27.00      1.69    250.00     29.00    315.60    321.40    315.90
    560.00   4993.00     -3.30    -24.30     18.00      0.96    246.00     26.00    318.50    321.90    318.70
    551.00   5121.00     -3.20    -24.20     18.00      0.98    245.00     25.00    320.00    323.60    320.20
    538.00   5309.00     -3.10    -24.10     18.00      1.02    253.00     27.00    322.40    326.10    322.60
    527.00   5470.00     -4.50    -24.90     19.00      0.97    260.00     29.00    322.70    326.20    322.90
    504.00   5818.00     -7.40    -26.60     20.00      0.87    250.00     31.00    323.20    326.40    323.40
    500.00   5880.00     -7.90    -26.90     20.00      0.85    250.00     33.00    323.30    326.50    323.50
    400.00   7580.00    -18.70    -36.70     19.00      0.41    255.00     51.00    330.60    332.20    330.70
    399.00   7598.00    -18.80    -36.80     19.00      0.41    255.00     51.00    330.70    332.30    330.80
    341.00   8739.00    -26.40    -45.50     15.00      0.19    240.00     54.00    335.60    336.40    335.60
    324.00   9111.00    -28.80    -48.30     14.00      0.15    250.00     56.00    337.20    337.80    337.20
    300.00   9670.00    -32.50    -52.50     12.00      0.10    250.00     52.00    339.40    339.90    339.50
    284.00  10056.00    -35.30    -49.30     23.00      0.15    252.00     53.00    340.80    341.40    340.80
    250.00  10940.00    -40.10    -61.10      9.00      0.04    255.00     56.00    346.30    346.50    346.30
    219.00  11812.00    -47.50    999.90    999.90    999.90    250.00     56.00    348.30    999.90    348.30
    200.00  12410.00    -52.50    999.90    999.90    999.90    240.00     58.00    349.50    999.90    349.50
    161.00  13776.00    -63.90    999.90    999.90    999.90    235.00     62.00    352.70    999.90    352.70
    159.00  13854.00    -64.50    999.90    999.90    999.90    235.00     62.00    352.90    999.90    352.90
    150.00  14210.00    -65.50    999.90    999.90    999.90    235.00     60.00    357.10    999.90    357.10
    144.00  14456.00    -66.40    999.90    999.90    999.90    235.00     62.00    359.60    999.90    359.60
    124.00  15355.00    -69.90    999.90    999.90    999.90    999.90    999.90    369.00    999.90    369.00
