47918 ROIG Ishigakijima Observations at 12Z 06 Jan 2011
--------------------------------------------------------------------------------------------------------------
      PRES      HGHT      TEMP      DWPT      RELH      MIXR      DRCT      SKNT      THTA      THTE      THTV
       hPa         m         C         C         %      g/kg       deg      knot         K         K         K
--------------------------------------------------------------------------------------------------------------
   1021.00      7.00     14.60     12.30     86.00      8.87     20.00     15.00    286.10    310.90    287.60
   1000.00    184.00     13.00     10.70     86.00      8.14     20.00     23.00    286.10    309.00    287.60
    926.00    826.00      8.60      8.60    100.00      7.62     25.00     33.00    288.00    309.60    289.30
    925.00    835.00      8.60      8.60    100.00      7.63     25.00     33.00    288.10    309.80    289.40
    913.00    943.00      8.30      8.30    100.00      7.57     25.00     33.00    288.90    310.40    290.20
    850.00   1533.00      6.60      6.60    100.00      7.24     30.00     12.00    293.10    314.10    294.30
    848.00   1552.00      6.60      6.60    100.00      7.25     30.00     12.00    293.20    314.30    294.50
    832.00   1709.00      6.40      6.40    100.00      7.30     10.00     11.00    294.60    316.00    295.90
    817.00   1858.00      6.40      6.40    100.00      7.43    350.00     10.00    296.20    318.00    297.50
    810.00   1929.00      6.40      6.40    100.00      7.50    348.00     10.00    296.90    319.00    298.20
    785.00   2184.00      5.40      5.40    100.00      7.20    340.00     10.00    298.50    319.90    299.80
    751.00   2545.00      3.90      3.90    100.00      6.79    275.00      6.00    300.70    321.10    301.90
    721.00   2876.00      2.60      2.60    100.00      6.43    275.00     12.00    302.70    322.30    303.90
    700.00   3117.00      1.60      1.60    100.00      6.18    260.00     16.00    304.20    323.10    305.40
    692.00   3209.00      1.20      1.20    100.00      6.05    250.00     17.00    304.80    323.40    305.90
    622.00   4066.00     -2.50     -2.90     97.00      4.99    260.00     32.00    310.00    325.80    310.90
    585.00   4550.00     -6.10     -7.60     89.00      3.70    265.00     41.00    311.30    323.20    312.00
    577.00   4659.00     -6.90     -8.70     87.00      3.45    273.00     46.00    311.60    322.70    312.20
    564.00   4837.00     -8.30    -23.30     29.00      1.04    285.00     53.00    311.90    315.60    312.10
    559.00   4907.00     -8.10    -23.80     27.00      1.01    290.00     56.00    313.00    316.50    313.20
    529.00   5337.00     -6.70    -26.70     19.00      0.82    290.00     59.00    319.60    322.60    319.80
    500.00   5780.00     -4.70    -21.70     25.00      1.36    290.00     62.00    327.20    332.20    327.50
    499.00   5796.00     -4.10    -20.10     28.00      1.56    290.00     62.00    328.20    333.80    328.50
    450.00   6601.00     -7.90    -32.90     11.00      0.54    283.00     63.00    333.20    335.30    333.30
    400.00   7500.00    -14.70    -29.70     27.00      0.82    275.00     64.00    335.80    338.90    336.00
    383.00   7828.00    -17.30    -35.30     19.00      0.50    274.00     65.00    336.60    338.50    336.70
    345.00   8590.00    -23.30    -40.90     18.00      0.31    270.00     66.00    338.60    339.90    338.70
    300.00   9610.00    -31.30    -48.30     17.00      0.16    280.00     74.00    341.10    341.80    341.20
    299.00   9633.00    -31.50    -48.50     17.00      0.16    280.00     74.00    341.20    341.90    341.30
    255.00  10745.00    -39.30    -59.30     10.00      0.05    271.00     76.00    345.50    345.80    345.60
    250.00  10880.00    -40.70    999.90    999.90    999.90    270.00     76.00    345.40    999.90    345.40
    222.00  11668.00    -46.90    999.90    999.90    999.90    260.00     78.00    347.90    999.90    347.90
    211.00  12005.00    -49.50    999.90    999.90    999.90    260.00     78.00    348.80    999.90    348.80
    200.00  12360.00    -52.30    999.90    999.90    999.90    260.00     78.00    349.80    999.90    349.80
    190.00  12679.00    -55.10    999.90    999.90    999.90    265.00     78.00    350.40    999.90    350.40
    150.00  14150.00    -68.30    999.90    999.90    999.90    265.00     74.00    352.20    999.90    352.20
    141.00  14518.00    -71.90    999.90    999.90    999.90    267.00     73.00    352.20    999.90    352.20
    103.00  16324.00    -82.10    999.90    999.90    999.90    275.00     68.00    365.80    999.90    365.80
    102.00  16379.00    -81.90    999.90    999.90    999.90    275.00     62.00    367.20    999.90    367.20
    100.00  16490.00    -81.50    999.90    999.90    999.90    275.00     60.00    370.00    999.90    370.00
     89.00  17142.00    -81.10    999.90    999.90    999.90    277.00     51.00    383.30    999.90    383.30
     77.00  17950.00    -82.70    999.90    999.90    999.90    279.00     39.00    396.20    999.90    396.20
     71.00  18401.00    -82.30    999.90    999.90    999.90    280.00     33.00    406.30    999.90    406.30
     70.30  18456.00    -82.30    999.90    999.90    999.90    277.00     34.00    407.50    999.90    407.50
     70.00  18480.00    -81.90    999.90    999.90    999.90    275.00     35.00    408.90    999.90    408.90
     66.00  18817.00    -80.00    999.90    999.90    999.90    260.00     45.00    419.90    999.90    419.90
     56.00  19759.00    -74.70    999.90    999.90    999.90    285.00     25.00    452.20    999.90    452.20
     53.80  19996.00    -70.50    999.90    999.90    999.90    285.00     22.00    467.10    999.90    467.10
     50.00  20430.00    -72.90    999.90    999.90    999.90    285.00     17.00    471.30    999.90    471.30
     47.00  20791.00    -74.80    999.90    999.90    999.90    280.00     19.00    475.10    999.90    475.10
     46.90  20804.00    -74.90    999.90    999.90    999.90    281.00     20.00    475.20    999.90    475.20
     45.00  21051.00    -70.50    999.90    999.90    999.90    300.00     35.00    491.60    999.90    491.60
     42.00  21463.00    -63.10    999.90    999.90    999.90    270.00     29.00    519.60    999.90    519.60
     36.00  22413.00    -62.80    999.90    999.90    999.90    295.00     23.00    543.90    999.90    543.90
     34.90  22604.00    -62.70    999.90    999.90    999.90    290.00     24.00    548.90    999.90    548.90
     32.80  22990.00    -58.70    999.90    999.90    999.90    280.00     27.00    569.30    999.90    569.30
     30.00  23550.00    -58.90    999.90    999.90    999.90    265.00     31.00    583.50    999.90    583.50
     29.10  23742.00    -57.70    999.90    999.90    999.90    265.00     29.00    591.90    999.90    591.90
     27.00  24217.00    -55.90    999.90    999.90    999.90    265.00     23.00    609.80    999.90    609.80
     26.00  24457.00    -55.00    999.90    999.90    999.90    235.00     25.00    619.00    999.90    619.00
     25.50  24581.00    -54.50    999.90    999.90    999.90    236.00     26.00    623.80    999.90    623.80
     24.20  24915.00    -54.50    999.90    999.90    999.90    239.00     29.00    633.20    999.90    633.20
     24.00    999.90    999.90    999.90    999.90    999.90    240.00     29.00    999.90    999.90    999.90
