47918 ROIG Ishigakijima Observations at 12Z 31 Jan 2010
--------------------------------------------------------------------------------------------------------------
      PRES      HGHT      TEMP      DWPT      RELH      MIXR      DRCT      SKNT      THTA      THTE      THTV
       hPa         m         C         C         %      g/kg       deg      knot         K         K         K
--------------------------------------------------------------------------------------------------------------
   1016.00      7.00     23.80     20.70     83.00     15.38    180.00      9.00    295.60    340.00    298.30
   1000.00    144.00     22.80     21.10     90.00     16.03    180.00     12.00    295.90    342.20    298.80
    925.00    819.00     17.80     15.60     87.00     12.19    195.00     16.00    297.50    333.10    299.70
    861.00   1429.00     13.80     13.80    100.00     11.65    195.00     16.00    299.50    333.80    301.60
    850.00   1538.00     13.40     13.40    100.00     11.49    195.00     16.00    300.20    334.10    302.20
    842.00   1617.00     13.00     13.00    100.00     11.31    195.00     16.00    300.60    334.00    302.60
    808.00   1963.00     11.40     11.40    100.00     10.56    225.00     19.00    302.40    333.90    304.30
    777.00   2291.00      9.80      9.80    100.00      9.88    236.00     21.00    304.10    333.90    305.90
    737.00   2726.00      6.50      5.90     96.00      7.94    250.00     23.00    305.10    329.30    306.60
    715.00   2976.00      4.60      3.60     93.00      6.98    244.00     27.00    305.70    327.10    307.00
    702.00   3126.00      4.20      3.20     93.00      6.93    240.00     29.00    306.90    328.30    308.20
    700.00   3149.00      4.20      3.20     93.00      6.93    240.00     29.00    307.10    328.50    308.40
    688.00   3290.00      3.60      2.70     94.00      6.80    242.00     30.00    308.00    329.00    309.20
    597.00   4428.00     -3.70    -25.70     16.00      0.79    260.00     43.00    312.20    315.10    312.40
    595.00   4454.00     -3.80    -26.00     16.00      0.78    260.00     43.00    312.40    315.20    312.60
    555.00   5002.00     -5.50    -32.50     10.00      0.45    256.00     46.00    316.70    318.40    316.80
    513.00   5619.00     -5.30    -34.30      8.00      0.41    251.00     49.00    324.10    325.70    324.20
    508.00   5696.00     -5.80    -35.20      8.00      0.38    250.00     49.00    324.40    325.90    324.50
    500.00   5820.00     -6.70    -36.70      7.00      0.33    250.00     49.00    324.80    326.10    324.90
    400.00   7520.00    -19.10    -48.10      6.00      0.12    240.00     58.00    330.10    330.60    330.10
    384.00   7822.00    -21.30    -49.30      6.00      0.11    244.00     62.00    331.10    331.50    331.10
    371.00   8075.00    -21.90    -55.90      3.00      0.05    248.00     66.00    333.50    333.80    333.60
    362.00   8252.00    -23.20    -55.70      3.00      0.06    250.00     68.00    334.10    334.30    334.10
    300.00   9600.00    -33.50    -54.50     10.00      0.08    260.00     84.00    338.00    338.40    338.10
    276.00  10176.00    -38.40    -54.20     17.00      0.09    270.00     89.00    339.10    339.50    339.20
    268.00  10379.00    -40.10    -54.10     21.00      0.09    271.00     86.00    339.50    339.90    339.50
    250.00  10850.00    -42.50    999.90    999.90    999.90    275.00     80.00    342.70    999.90    342.70
    200.00  12330.00    -53.30    999.90    999.90    999.90    265.00     74.00    348.20    999.90    348.20
    186.00  12783.00    -56.90    999.90    999.90    999.90    260.00     76.00    349.70    999.90    349.70
    155.00  13921.00    -65.90    999.90    999.90    999.90    260.00     89.00    353.00    999.90    353.00
    154.00  13960.00    -65.80    999.90    999.90    999.90    260.00     89.00    353.80    999.90    353.80
    150.00  14120.00    -65.50    999.90    999.90    999.90    260.00     87.00    357.10    999.90    357.10
    138.00  14625.00    -66.30    999.90    999.90    999.90    261.00     78.00    364.20    999.90    364.20
    111.00  15910.00    -74.00    999.90    999.90    999.90    265.00     54.00    373.20    999.90    373.20
    104.00  16295.00    -76.30    999.90    999.90    999.90    245.00     52.00    375.80    999.90    375.80
    100.00  16520.00    -77.30    999.90    999.90    999.90    240.00     56.00    378.10    999.90    378.10
     96.00  16753.00    -78.10    999.90    999.90    999.90    235.00     60.00    381.10    999.90    381.10
     88.00  17249.00    -79.70    999.90    999.90    999.90    255.00     64.00    387.40    999.90    387.40
     81.00  17720.00    -79.50    999.90    999.90    999.90    265.00     52.00    397.20    999.90    397.20
     76.00  18082.00    -79.30    999.90    999.90    999.90    270.00     43.00    404.90    999.90    404.90
     72.00  18389.00    -79.10    999.90    999.90    999.90    238.00     38.00    411.50    999.90    411.50
     71.00  18469.00    -77.90    999.90    999.90    999.90    230.00     37.00    415.70    999.90    415.70
     70.00  18550.00    -76.70    999.90    999.90    999.90    240.00     37.00    420.00    999.90    420.00
     67.00  18805.00    -72.30    999.90    999.90    999.90    270.00     37.00    434.90    999.90    434.90
     66.50  18849.00    -71.50    999.90    999.90    999.90    271.00     36.00    437.50    999.90    437.50
     63.00  19167.00    -71.90    999.90    999.90    999.90    280.00     29.00    443.30    999.90    443.30
     57.20  19735.00    -72.70    999.90    999.90    999.90    277.00     23.00    454.00    999.90    454.00
     53.00  20185.00    -70.80    999.90    999.90    999.90    275.00     19.00    468.40    999.90    468.40
     50.00  20530.00    -69.30    999.90    999.90    999.90    245.00     16.00    479.80    999.90    479.80
     48.00  20779.00    -68.00    999.90    999.90    999.90    225.00     17.00    488.50    999.90    488.50
     43.00  21449.00    -64.50    999.90    999.90    999.90    270.00     16.00    512.60    999.90    512.60
     40.00  21890.00    -62.30    999.90    999.90    999.90    315.00      4.00    529.00    999.90    529.00
     39.30  21997.00    -61.70    999.90    999.90    999.90    256.00      6.00    533.10    999.90    533.10
     38.00  22205.00    -62.20    999.90    999.90    999.90    145.00     10.00    536.90    999.90    536.90
     36.00  22539.00    -63.10    999.90    999.90    999.90    220.00      8.00    543.00    999.90    543.00
     34.70  22766.00    -63.70    999.90    999.90    999.90    233.00      4.00    547.20    999.90    547.20
     34.00  22892.00    -63.10    999.90    999.90    999.90    240.00      2.00    552.00    999.90    552.00
     32.00  23269.00    -61.20    999.90    999.90    999.90    140.00     10.00    566.70    999.90    566.70
     30.30  23608.00    -59.50    999.90    999.90    999.90    132.00      5.00    580.20    999.90    580.20
     30.00  23670.00    -59.50    999.90    999.90    999.90    130.00      4.00    581.90    999.90    581.90
     28.00  24104.00    -59.20    999.90    999.90    999.90     85.00      4.00    594.30    999.90    594.30
     27.00  24333.00    -59.00    999.90    999.90    999.90    130.00     10.00    600.90    999.90    600.90
     25.00  24817.00    -58.70    999.90    999.90    999.90    345.00      4.00    615.30    999.90    615.30
     22.00  25621.00    -58.10    999.90    999.90    999.90     45.00     23.00    639.90    999.90    639.90
     20.00  26220.00    -57.70    999.90    999.90    999.90     50.00     19.00    658.80    999.90    658.80
     18.00  26885.00    -57.60    999.90    999.90    999.90     40.00     14.00    679.30    999.90    679.30
     16.40  27473.00    -57.50    999.90    999.90    999.90     43.00     17.00    697.90    999.90    697.90
     15.00  28041.00    -56.30    999.90    999.90    999.90     45.00     19.00    720.00    999.90    720.00
     13.20  28855.00    -54.50    999.90    999.90    999.90     27.00     16.00    752.90    999.90    752.90
     13.00  28952.00    -54.50    999.90    999.90    999.90     25.00     16.00    756.20    999.90    756.20
     12.00  29465.00    -54.50    999.90    999.90    999.90     40.00     14.00    773.70    999.90    773.70
     11.30  29850.00    -54.50    999.90    999.90    999.90      5.00     15.00    787.10    999.90    787.10
     11.00  30024.00    -53.70    999.90    999.90    999.90    350.00     16.00    796.20    999.90    796.20
     10.00  30640.00    -50.70    999.90    999.90    999.90     25.00     10.00    829.20    999.90    829.20
      9.00  31335.00    -49.10    999.90    999.90    999.90      5.00     14.00    860.60    999.90    860.60
      8.00  32111.00    -47.30    999.90    999.90    999.90     75.00     14.00    897.20    999.90    897.20
      7.00  32992.00    -45.30    999.90    999.90    999.90     65.00     17.00    940.40    999.90    940.40
      6.90  33087.00    -45.10    999.90    999.90    999.90    999.90    999.90    945.10    999.90    945.10
