47918 ROIG Ishigakijima Observations at 12Z 13 Jan 2014
--------------------------------------------------------------------------------------------------------------
      PRES      HGHT      TEMP      DWPT      RELH      MIXR      DRCT      SKNT      THTA      THTE      THTV
       hPa         m         C         C         %      g/kg       deg      knot         K         K         K
--------------------------------------------------------------------------------------------------------------
   1020.00      7.00     18.20     14.10     77.00     10.01     20.00     14.00    289.70    318.10    291.40
   1000.00    173.00     16.60     12.80     78.00      9.37     25.00     23.00    289.80    316.30    291.40
    947.00    633.00     13.20     11.30     88.00      8.97     35.00     31.00    290.90    316.50    292.50
    925.00    832.00     11.80     10.70     93.00      8.80     35.00     27.00    291.40    316.60    292.90
    881.00   1238.00      9.30      9.00     98.00      8.26     35.00     21.00    292.90    316.70    294.40
    865.00   1390.00      8.40      8.40    100.00      8.06     45.00     21.00    293.50    316.80    294.90
    850.00   1535.00      7.60      7.60    100.00      7.76     55.00     21.00    294.10    316.70    295.50
    804.00   1992.00      5.00      5.00    100.00      6.85     73.00     16.00    296.00    316.20    297.30
    794.00   2095.00      5.80      4.90     94.00      6.88     77.00     15.00    297.90    318.40    299.20
    786.00   2177.00      5.20      4.30     94.00      6.66     80.00     14.00    298.10    318.00    299.30
    753.00   2523.00      2.50      1.70     94.00      5.76    130.00     12.00    298.90    316.20    299.90
    700.00   3113.00     -2.10     -2.80     95.00      4.47    165.00     14.00    300.10    313.80    300.90
    690.00   3227.00     -2.90     -4.10     92.00      4.12    170.00     14.00    300.50    313.10    301.20
    671.00   3448.00     -4.50     -6.50     86.00      3.52    204.00     18.00    301.10    312.00    301.70
    666.00   3507.00     -4.70    -14.70     46.00      1.85    213.00     19.00    301.50    307.50    301.90
    657.00   3615.00     -0.40    -16.10     29.00      1.67    230.00     21.00    307.60    313.10    307.90
    655.00   3639.00      0.60    -16.40     27.00      1.63    230.00     21.00    308.90    314.40    309.20
    554.00   4956.00     -9.10    -32.50     13.00      0.45    255.00     37.00    312.60    314.30    312.70
    546.00   5071.00     -9.90    -33.90     12.00      0.40    252.00     40.00    312.90    314.40    313.00
    512.00   5566.00     -9.70    -35.70     10.00      0.36    240.00     55.00    319.00    320.30    319.10
    509.00   5612.00     -8.30    -46.30      3.00      0.12    238.00     56.00    321.20    321.70    321.20
    500.00   5750.00     -8.90    -46.90      3.00      0.11    235.00     60.00    322.10    322.60    322.10
    488.00   5936.00    -10.00    -48.10      3.00      0.10    235.00     60.00    323.00    323.40    323.00
    421.00   7066.00    -16.70    -55.70      2.00      0.05    235.00     73.00    328.40    328.60    328.40
    405.00   7357.00    -19.00    -51.20      4.00      0.09    235.00     76.00    329.10    329.40    329.10
    400.00   7450.00    -19.70    -49.70      5.00      0.10    235.00     78.00    329.30    329.70    329.30
    392.00   7600.00    -18.90    -56.90      2.00      0.04    235.00     79.00    332.20    332.40    332.30
    366.00   8108.00    -20.30    -63.30      1.00      0.02    235.00     84.00    337.00    337.10    337.00
    300.00   9550.00    -29.90    -47.90     16.00      0.17    235.00     97.00    343.10    343.80    343.20
    292.00   9742.00    -31.70    -47.70     19.00      0.18    236.00     97.00    343.20    344.00    343.30
    253.00  10739.00    -40.10    -55.10     19.00      0.09    240.00     99.00    345.10    345.50    345.10
    250.00  10820.00    -40.70    999.90    999.90    999.90    240.00     99.00    345.40    999.90    345.40
    207.00  12072.00    -51.40    999.90    999.90    999.90    225.00    107.00    347.80    999.90    347.80
    200.00  12300.00    -53.30    999.90    999.90    999.90    225.00    109.00    348.20    999.90    348.20
    175.00  13131.00    -58.80    999.90    999.90    999.90    220.00    119.00    352.70    999.90    352.70
    150.00  14090.00    -65.10    999.90    999.90    999.90    235.00     91.00    357.70    999.90    357.70
    132.00  14850.00    -71.70    999.90    999.90    999.90    250.00     86.00    359.40    999.90    359.40
    122.00  15319.00    -75.70    999.90    999.90    999.90    250.00     87.00    360.20    999.90    360.20
    116.00  15611.00    -75.80    999.90    999.90    999.90    255.00     78.00    365.20    999.90    365.20
    102.00  16355.00    -76.10    999.90    999.90    999.90    250.00     64.00    378.40    999.90    378.40
    100.00  16470.00    -76.10    999.90    999.90    999.90    250.00     64.00    380.40    999.90    380.40
     82.00  17612.00    -76.50    999.90    999.90    999.90    250.00     47.00    401.80    999.90    401.80
     78.00  17902.00    -75.20    999.90    999.90    999.90    250.00     43.00    410.40    999.90    410.40
     74.00  18207.00    -73.80    999.90    999.90    999.90    225.00     31.00    419.50    999.90    419.50
     73.80  18222.00    -73.70    999.90    999.90    999.90    225.00     31.00    420.00    999.90    420.00
     70.00  18530.00    -74.50    999.90    999.90    999.90    230.00     37.00    424.70    999.90    424.70
     66.00  18876.00    -72.90    999.90    999.90    999.90    250.00     39.00    435.40    999.90    435.40
     62.00  19245.00    -71.20    999.90    999.90    999.90    270.00     37.00    447.10    999.90    447.10
     58.00  19637.00    -69.30    999.90    999.90    999.90    255.00     29.00    459.80    999.90    459.80
     56.30  19812.00    -68.50    999.90    999.90    999.90    263.00     27.00    465.60    999.90    465.60
     52.00  20293.00    -65.20    999.90    999.90    999.90    285.00     21.00    484.10    999.90    484.10
     50.00  20530.00    -63.50    999.90    999.90    999.90    335.00     14.00    493.40    999.90    493.40
     48.60  20705.00    -63.50    999.90    999.90    999.90     16.00     11.00    497.40    999.90    497.40
     46.00  21043.00    -64.70    999.90    999.90    999.90     95.00      4.00    502.50    999.90    502.50
     43.40  21400.00    -65.90    999.90    999.90    999.90    211.00      4.00    507.90    999.90    507.90
     43.00  21458.00    -65.70    999.90    999.90    999.90    230.00      4.00    509.80    999.90    509.80
     41.00  21755.00    -64.60    999.90    999.90    999.90    280.00      6.00    519.40    999.90    519.40
     39.00  22066.00    -63.50    999.90    999.90    999.90    135.00     14.00    529.70    999.90    529.70
     34.00  22921.00    -60.50    999.90    999.90    999.90    145.00     14.00    558.80    999.90    558.80
     32.00  23298.00    -59.10    999.90    999.90    999.90    110.00     16.00    572.20    999.90    572.20
     30.00  23700.00    -57.70    999.90    999.90    999.90    110.00     16.00    586.80    999.90    586.80
     29.00  23915.00    -57.00    999.90    999.90    999.90    120.00     12.00    594.50    999.90    594.50
     27.00  24368.00    -55.40    999.90    999.90    999.90     80.00      8.00    611.10    999.90    611.10
     26.60  24463.00    -55.10    999.90    999.90    999.90     83.00      9.00    614.60    999.90    614.60
     24.00  25122.00    -54.40    999.90    999.90    999.90    100.00     16.00    635.00    999.90    635.00
     21.00  25977.00    -53.40    999.90    999.90    999.90     65.00     19.00    662.50    999.90    662.50
     20.00  26290.00    -53.10    999.90    999.90    999.90     70.00     23.00    672.90    999.90    672.90
     18.00  26973.00    -52.50    999.90    999.90    999.90     75.00     41.00    695.50    999.90    695.50
     16.00  27737.00    -51.70    999.90    999.90    999.90     75.00     35.00    721.70    999.90    721.70
     15.00  28155.00    -51.30    999.90    999.90    999.90     80.00     45.00    736.40    999.90    736.40
     13.00  29083.00    -50.40    999.90    999.90    999.90     90.00     39.00    770.20    999.90    770.20
     12.70  29234.00    -50.30    999.90    999.90    999.90     88.00     39.00    775.90    999.90    775.90
     10.00  30810.00    -45.50    999.90    999.90    999.90     70.00     39.00    848.60    999.90    848.60
      9.00  31523.00    -41.60    999.90    999.90    999.90     75.00     43.00    889.30    999.90    889.30
      8.30  32070.00    -38.70    999.90    999.90    999.90    999.90    999.90    921.70    999.90    921.70
