47918 ROIG Ishigakijima Observations at 00Z 08 Jan 2015
--------------------------------------------------------------------------------------------------------------
      PRES      HGHT      TEMP      DWPT      RELH      MIXR      DRCT      SKNT      THTA      THTE      THTV
       hPa         m         C         C         %      g/kg       deg      knot         K         K         K
--------------------------------------------------------------------------------------------------------------
   1025.00      7.00     15.80      7.80     59.00      6.51      0.00     11.00    286.90    305.40    288.10
   1000.00    217.00     13.40      6.40     63.00      6.06      5.00     17.00    286.60    303.80    287.60
    925.00    867.00      7.40      5.70     89.00      6.24     10.00     25.00    286.90    304.60    287.90
    866.00   1405.00      3.00      3.00    100.00      5.51     14.00     23.00    287.70    303.60    288.70
    854.00   1518.00      2.20      2.20    100.00      5.30     15.00     23.00    288.10    303.40    289.00
    850.00   1556.00      2.00      2.00    100.00      5.23     10.00     23.00    288.20    303.30    289.10
    825.00   1797.00      1.00     -1.60     83.00      4.14    337.00     27.00    289.60    301.80    290.40
    817.00   1876.00      7.40     -7.60     34.00      2.65    326.00     28.00    297.20    305.50    297.70
    796.00   2091.00      7.60      4.70     82.00      6.77    296.00     31.00    299.70    319.90    300.90
    795.00   2101.00      7.50      4.60     82.00      6.73    295.00     31.00    299.70    319.90    300.90
    736.00   2733.00      4.40     -1.60     65.00      4.65    290.00     29.00    302.90    317.30    303.80
    732.00   2778.00      4.50     -3.80     55.00      3.97    290.00     29.00    303.60    316.00    304.30
    724.00   2867.00      4.80     -8.20     38.00      2.86    294.00     29.00    304.80    313.90    305.40
    700.00   3141.00      2.20     -8.80     44.00      2.82    305.00     31.00    304.90    313.90    305.40
    670.00   3493.00     -0.60    -10.80     46.00      2.51    315.00     29.00    305.60    313.70    306.00
    663.00   3577.00     -1.30    -11.30     47.00      2.44    314.00     30.00    305.70    313.60    306.20
    636.00   3911.00      3.80    -30.20      6.00      0.49    308.00     33.00    315.20    317.00    315.30
    551.00   5065.00     -1.30    -45.30      2.00      0.12    289.00     44.00    322.30    322.80    322.30
    515.00   5597.00     -5.30    -43.80      3.00      0.15    280.00     49.00    323.70    324.40    323.80
    500.00   5830.00     -7.10    -43.10      4.00      0.17    280.00     49.00    324.30    325.00    324.40
    483.00   6099.00     -9.50    -44.50      4.00      0.15    278.00     51.00    324.60    325.20    324.60
    418.00   7207.00    -14.30    -41.30      8.00      0.25    272.00     59.00    332.10    333.10    332.20
    400.00   7540.00    -17.10    -34.10     21.00      0.54    270.00     62.00    332.70    334.80    332.80
    389.00   7749.00    -18.10    -31.10     31.00      0.74    268.00     62.00    334.00    336.90    334.20
    313.00   9338.00    -28.70    -50.70     10.00      0.12    256.00     64.00    340.70    341.20    340.70
    310.00   9406.00    -29.10    -52.40      9.00      0.10    255.00     64.00    341.10    341.50    341.10
    300.00   9640.00    -30.30    -58.30      5.00      0.05    265.00     66.00    342.60    342.80    342.60
    250.00  10910.00    -39.70    -71.70      2.00      0.01    265.00     72.00    346.90    346.90    346.90
    249.00  10937.00    -39.90    -71.90      2.00      0.01    265.00     72.00    347.00    347.10    347.00
    238.00  11237.00    -42.70    999.90    999.90    999.90    265.00     74.00    347.30    999.90    347.30
    200.00  12390.00    -53.50    999.90    999.90    999.90    260.00     72.00    347.90    999.90    347.90
    170.00  13418.00    -60.50    999.90    999.90    999.90    245.00     76.00    352.80    999.90    352.80
    160.00  13792.00    -62.10    999.90    999.90    999.90    240.00     78.00    356.20    999.90    356.20
    150.00  14190.00    -63.90    999.90    999.90    999.90    245.00     68.00    359.80    999.90    359.80
    134.00  14874.00    -68.50    999.90    999.90    999.90    265.00     52.00    363.40    999.90    363.40
    132.00  14965.00    -69.10    999.90    999.90    999.90    264.00     52.00    363.90    999.90    363.90
    103.00  16404.00    -81.70    999.90    999.90    999.90    245.00     45.00    366.50    999.90    366.50
    102.00  16459.00    -81.80    999.90    999.90    999.90    245.00     45.00    367.30    999.90    367.30
    100.00  16570.00    -82.10    999.90    999.90    999.90    240.00     45.00    368.90    999.90    368.90
     97.20  16728.00    -82.30    999.90    999.90    999.90    238.00     42.00    371.50    999.90    371.50
     91.00  17100.00    -78.40    999.90    999.90    999.90    235.00     35.00    386.40    999.90    386.40
     89.40  17200.00    -77.30    999.90    999.90    999.90    240.00     31.00    390.40    999.90    390.40
     86.00  17420.00    -77.70    999.90    999.90    999.90    250.00     21.00    394.10    999.90    394.10
     81.00  17761.00    -78.20    999.90    999.90    999.90    195.00     21.00    399.80    999.90    399.80
     76.00  18123.00    -78.80    999.90    999.90    999.90    190.00     31.00    405.90    999.90    405.90
     74.70  18221.00    -78.90    999.90    999.90    999.90    197.00     29.00    407.60    999.90    407.60
     70.00  18590.00    -77.90    999.90    999.90    999.90    225.00     21.00    417.40    999.90    417.40
     68.00  18759.00    -77.30    999.90    999.90    999.90    230.00     14.00    422.10    999.90    422.10
     60.00  19487.00    -74.90    999.90    999.90    999.90    235.00     19.00    442.80    999.90    442.80
     57.00  19785.00    -74.00    999.90    999.90    999.90    215.00      6.00    451.60    999.90    451.60
     54.00  20100.00    -72.90    999.90    999.90    999.90    350.00      6.00    461.00    999.90    461.00
     51.20  20409.00    -71.90    999.90    999.90    999.90    243.00     13.00    470.40    999.90    470.40
     50.00  20550.00    -70.10    999.90    999.90    999.90    195.00     16.00    477.90    999.90    477.90
     47.40  20870.00    -66.30    999.90    999.90    999.90    104.00     13.00    494.30    999.90    494.30
     45.00  21190.00    -65.60    999.90    999.90    999.90     15.00     10.00    503.40    999.90    503.40
     42.00  21613.00    -64.70    999.90    999.90    999.90     35.00      6.00    515.60    999.90    515.60
     40.00  21913.00    -64.10    999.90    999.90    999.90     30.00     14.00    524.50    999.90    524.50
     37.00  22392.00    -63.00    999.90    999.90    999.90    110.00     14.00    538.90    999.90    538.90
     35.00  22733.00    -62.30    999.90    999.90    999.90    155.00     10.00    549.40    999.90    549.40
     31.00  23479.00    -60.70    999.90    999.90    999.90    240.00      6.00    573.10    999.90    573.10
     30.00  23680.00    -60.30    999.90    999.90    999.90    235.00      6.00    579.70    999.90    579.70
     29.00  23894.00    -59.80    999.90    999.90    999.90    230.00      4.00    586.80    999.90    586.80
     27.00  24344.00    -58.70    999.90    999.90    999.90    155.00      6.00    602.00    999.90    602.00
     26.00  24582.00    -58.10    999.90    999.90    999.90    170.00     16.00    610.10    999.90    610.10
     24.00  25087.00    -56.90    999.90    999.90    999.90     10.00      2.00    627.90    999.90    627.90
     22.00  25636.00    -55.50    999.90    999.90    999.90      5.00      8.00    647.70    999.90    647.70
     21.00  25931.00    -56.70    999.90    999.90    999.90     40.00     19.00    652.80    999.90    652.80
     20.00  26240.00    -57.90    999.90    999.90    999.90     90.00     14.00    658.20    999.90    658.20
     19.40  26432.00    -58.70    999.90    999.90    999.90    115.00      8.00    661.50    999.90    661.50
     18.00  26912.00    -57.80    999.90    999.90    999.90    100.00      6.00    678.80    999.90    678.80
     17.00  27278.00    -57.00    999.90    999.90    999.90    175.00     14.00    692.30    999.90    692.30
     16.00  27667.00    -56.30    999.90    999.90    999.90    160.00     10.00    706.90    999.90    706.90
     15.00  28081.00    -55.40    999.90    999.90    999.90    205.00     12.00    722.80    999.90    722.80
     14.00  28523.00    -54.60    999.90    999.90    999.90    335.00      8.00    740.10    999.90    740.10
     12.00  29511.00    -52.60    999.90    999.90    999.90     10.00     16.00    780.40    999.90    780.40
     10.00  30680.00    -50.30    999.90    999.90    999.90    135.00     10.00    830.70    999.90    830.70
      9.00  31375.00    -48.20    999.90    999.90    999.90    200.00     16.00    864.10    999.90    864.10
      8.00  32153.00    -45.90    999.90    999.90    999.90    195.00      6.00    903.00    999.90    903.00
      7.70  32405.00    -45.10    999.90    999.90    999.90    999.90    999.90    916.00    999.90    916.00
