47918 ROIG Ishigakijima Observations at 12Z 12 Jan 2017
--------------------------------------------------------------------------------------------------------------
      PRES      HGHT      TEMP      DWPT      RELH      MIXR      DRCT      SKNT      THTA      THTE      THTV
       hPa         m         C         C         %      g/kg       deg      knot         K         K         K
--------------------------------------------------------------------------------------------------------------
   1013.00      7.00     23.80     17.80     69.00     12.82    190.00     10.00    295.90    333.00    298.10
   1000.00    119.00     23.00     17.00     69.00     12.34    190.00     14.00    296.10    331.90    298.30
    925.00    792.00     17.00     13.50     80.00     10.62    190.00     14.00    296.70    327.60    298.60
    902.00   1006.00     15.30     12.70     84.00     10.31    195.00     12.00    297.10    327.20    298.90
    870.00   1312.00     12.80     11.50     92.00      9.89    210.00     12.00    297.60    326.50    299.30
    850.00   1508.00     12.40     10.50     88.00      9.46    220.00     12.00    299.10    327.10    300.80
    809.00   1920.00     10.60      8.60     87.00      8.72    245.00     10.00    301.40    327.50    303.00
    747.00   2584.00      7.70      5.50     86.00      7.61    305.00     21.00    305.20    328.40    306.60
    746.00   2595.00      7.60      5.40     86.00      7.59    305.00     21.00    305.30    328.40    306.70
    700.00   3118.00      5.20      3.10     86.00      6.88    300.00     25.00    308.20    329.50    309.50
    686.00   3283.00      4.20      1.10     80.00      6.08    296.00     27.00    308.90    327.90    310.00
    661.00   3586.00      5.40      1.30     75.00      6.40    290.00     31.00    313.50    333.90    314.70
    615.00   4173.00      2.80     -1.40     74.00      5.65    277.00     39.00    317.10    335.40    318.10
    565.00   4856.00     -0.10     -8.10     55.00      3.69    262.00     48.00    321.40    333.90    322.10
    558.00   4954.00     -0.90     -8.60     56.00      3.61    260.00     49.00    321.60    333.80    322.30
    500.00   5820.00     -7.90    -12.60     69.00      2.92    270.00     49.00    323.30    333.30    323.90
    493.00   5930.00     -8.20    -15.00     58.00      2.44    270.00     49.00    324.20    332.70    324.70
    492.00   5946.00     -8.30    -15.30     57.00      2.38    270.00     49.00    324.40    332.60    324.80
    468.00   6335.00     -8.70    -28.70     18.00      0.77    269.00     53.00    328.50    331.40    328.70
    400.00   7540.00    -15.50    -54.50      2.00      0.06    265.00     64.00    334.80    335.00    334.80
    397.00   7596.00    -15.70    -55.20      2.00      0.05    265.00     64.00    335.20    335.40    335.20
    366.00   8205.00    -18.30    -62.30      1.00      0.02    262.00     66.00    339.60    339.70    339.60
    317.00   9256.00    -27.30    -40.30     28.00      0.36    257.00     69.00    341.40    342.90    341.40
    314.00   9325.00    -27.90    -45.90     16.00      0.20    257.00     69.00    341.50    342.30    341.50
    313.00   9347.00    -28.10    -39.10     34.00      0.41    257.00     69.00    341.50    343.20    341.60
    300.00   9650.00    -29.90    -43.90     24.00      0.26    255.00     70.00    343.10    344.20    343.20
    294.00   9794.00    -30.90    -42.90     30.00      0.30    257.00     71.00    343.70    344.90    343.80
    266.00  10492.00    -37.10    -48.30     30.00      0.18    265.00     76.00    344.70    345.40    344.70
    259.00  10678.00    -38.70    -49.70     30.00      0.16    265.00     76.00    344.90    345.60    344.90
    250.00  10920.00    -39.90    -53.90     21.00      0.10    265.00     76.00    346.60    347.10    346.60
    200.00  12400.00    -52.10    999.90    999.90    999.90    255.00     74.00    350.10    999.90    350.10
    157.00  13923.00    -62.90    999.90    999.90    999.90    255.00     64.00    356.90    999.90    356.90
    150.00  14210.00    -64.90    999.90    999.90    999.90    265.00     56.00    358.10    999.90    358.10
    126.00  15243.00    -73.30    999.90    999.90    999.90    265.00     52.00    361.20    999.90    361.20
    117.00  15682.00    -76.90    999.90    999.90    999.90    261.00     50.00    362.30    999.90    362.30
    104.00  16356.00    -78.50    999.90    999.90    999.90    255.00     47.00    371.50    999.90    371.50
    100.00  16580.00    -79.10    999.90    999.90    999.90    255.00     43.00    374.60    999.90    374.60
     98.00  16694.00    -80.00    999.90    999.90    999.90    260.00     41.00    375.20    999.90    375.20
     94.00  16930.00    -81.70    999.90    999.90    999.90    270.00     39.00    376.20    999.90    376.20
     86.00  17428.00    -82.10    999.90    999.90    999.90    305.00     39.00    385.10    999.90    385.10
     77.00  18046.00    -82.60    999.90    999.90    999.90    300.00     31.00    396.50    999.90    396.50
     73.00  18345.00    -82.80    999.90    999.90    999.90    320.00     29.00    402.10    999.90    402.10
     71.50  18461.00    -82.90    999.90    999.90    999.90    320.00     24.00    404.30    999.90    404.30
     70.00  18580.00    -80.90    999.90    999.90    999.90    320.00     19.00    411.00    999.90    411.00
     68.00  18744.00    -80.00    999.90    999.90    999.90    315.00     12.00    416.30    999.90    416.30
     64.00  19088.00    -78.20    999.90    999.90    999.90    220.00     10.00    427.50    999.90    427.50
     62.90  19186.00    -77.70    999.90    999.90    999.90    222.00     13.00    430.80    999.90    430.80
     61.00  19361.00    -77.50    999.90    999.90    999.90    225.00     17.00    435.10    999.90    435.10
     55.00  19954.00    -76.80    999.90    999.90    999.90    300.00      4.00    449.70    999.90    449.70
     54.10  20048.00    -76.70    999.90    999.90    999.90    318.00      3.00    452.10    999.90    452.10
     52.00  20279.00    -72.00    999.90    999.90    999.90      0.00      2.00    468.10    999.90    468.10
     51.60  20324.00    -71.10    999.90    999.90    999.90    351.00      2.00    471.30    999.90    471.30
     50.00  20510.00    -70.70    999.90    999.90    999.90    315.00      4.00    476.50    999.90    476.50
     49.00  20630.00    -70.40    999.90    999.90    999.90    275.00      6.00    480.00    999.90    480.00
     46.80  20904.00    -69.70    999.90    999.90    999.90    286.00      9.00    488.00    999.90    488.00
     44.00  21279.00    -64.80    999.90    999.90    999.90    300.00     12.00    508.50    999.90    508.50
     42.50  21490.00    -62.10    999.90    999.90    999.90    336.00      9.00    520.30    999.90    520.30
     40.00  21869.00    -61.30    999.90    999.90    999.90     40.00      4.00    531.40    999.90    531.40
     37.00  22357.00    -60.30    999.90    999.90    999.90    170.00     10.00    546.00    999.90    546.00
     35.00  22705.00    -59.50    999.90    999.90    999.90    205.00     14.00    556.70    999.90    556.70
     34.00  22887.00    -59.10    999.90    999.90    999.90    200.00     16.00    562.30    999.90    562.30
     32.00  23266.00    -58.40    999.90    999.90    999.90    225.00     19.00    574.30    999.90    574.30
     30.00  23670.00    -57.50    999.90    999.90    999.90    190.00     16.00    587.30    999.90    587.30
     28.00  24109.00    -56.10    999.90    999.90    999.90    160.00     16.00    602.80    999.90    602.80
     27.00  24341.00    -55.40    999.90    999.90    999.90    220.00     14.00    611.20    999.90    611.20
     24.00  25091.00    -53.00    999.90    999.90    999.90    225.00     12.00    639.00    999.90    639.00
     22.70  25446.00    -51.90    999.90    999.90    999.90    286.00     16.00    652.50    999.90    652.50
     22.00  25647.00    -52.20    999.90    999.90    999.90    320.00     19.00    657.50    999.90    657.50
     20.00  26260.00    -53.10    999.90    999.90    999.90    340.00     16.00    672.90    999.90    672.90
     18.00  26937.00    -54.10    999.90    999.90    999.90     15.00     16.00    690.10    999.90    690.10
     16.70  27419.00    -54.90    999.90    999.90    999.90     31.00     16.00    702.70    999.90    702.70
     15.00  28118.00    -52.90    999.90    999.90    999.90     55.00     16.00    731.30    999.90    731.30
     14.00  28567.00    -51.60    999.90    999.90    999.90    140.00     14.00    750.30    999.90    750.30
     13.00  29050.00    -50.20    999.90    999.90    999.90    150.00      6.00    771.20    999.90    771.20
     12.00  29571.00    -48.60    999.90    999.90    999.90    110.00     10.00    794.40    999.90    794.40
     11.30  29962.00    -47.50    999.90    999.90    999.90    103.00      4.00    812.30    999.90    812.30
     11.00  30140.00    -47.60    999.90    999.90    999.90    100.00      2.00    818.10    999.90    818.10
     10.00  30770.00    -48.10    999.90    999.90    999.90     55.00     19.00    838.90    999.90    838.90
      9.50  31108.00    -48.30    999.90    999.90    999.90     82.00     19.00    850.50    999.90    850.50
      9.00  31470.00    -47.10    999.90    999.90    999.90    110.00     19.00    868.40    999.90    868.40
      7.00  33153.00    -41.50    999.90    999.90    999.90     90.00     49.00    956.20    999.90    956.20
      6.70  33446.00    -40.50    999.90    999.90    999.90    999.90    999.90    972.40    999.90    972.40
