47918 ROIG Ishigakijima Observations at 12Z 23 Jan 2015
--------------------------------------------------------------------------------------------------------------
      PRES      HGHT      TEMP      DWPT      RELH      MIXR      DRCT      SKNT      THTA      THTE      THTV
       hPa         m         C         C         %      g/kg       deg      knot         K         K         K
--------------------------------------------------------------------------------------------------------------
   1022.00      7.00     14.40      6.40     59.00      5.93     10.00      6.00    285.80    302.60    286.80
   1017.00     49.00     15.20      5.20     51.00      5.48     13.00      6.00    287.00    302.70    287.90
   1000.00    193.00     14.00      5.00     55.00      5.50     25.00      8.00    287.10    302.90    288.10
    925.00    844.00      8.40      4.20     75.00      5.62     50.00     10.00    287.90    304.00    288.90
    907.00   1006.00      7.10      2.70     74.00      5.16     55.00     10.00    288.10    303.00    289.10
    882.00   1235.00      5.20      0.60     72.00      4.55     16.00      6.00    288.50    301.80    289.30
    872.00   1328.00      5.40     -5.00     47.00      3.03      0.00      4.00    289.60    298.70    290.20
    871.00   1338.00      5.40     -5.60     45.00      2.90    360.00      4.00    289.80    298.50    290.30
    869.00   1357.00      6.40    -16.60     17.00      1.21    359.00      5.00    291.00    294.80    291.20
    857.00   1471.00      7.40    -18.60     14.00      1.03    357.00      9.00    293.20    296.50    293.40
    850.00   1538.00      7.40    -16.60     16.00      1.23    355.00     12.00    293.90    297.90    294.10
    840.00   1635.00      7.20    -17.60     15.00      1.15    350.00     16.00    294.70    298.40    294.90
    811.00   1924.00      6.60    -20.40     12.00      0.94    316.00     19.00    297.00    300.10    297.20
    810.00   1934.00      6.60    -20.40     12.00      0.93    315.00     19.00    297.10    300.20    297.20
    764.00   2412.00      5.20    -22.80     11.00      0.81    315.00     21.00    300.60    303.30    300.80
    700.00   3120.00      0.40    -28.60      9.00      0.52    315.00     23.00    302.90    304.70    303.00
    695.00   3176.00      0.00    -28.90      9.00      0.51    315.00     25.00    303.10    304.90    303.20
    638.00   3847.00     -4.60    -32.00     10.00      0.41    290.00     23.00    305.30    306.80    305.40
    613.00   4161.00     -6.80    -33.50     10.00      0.37    300.00     21.00    306.30    307.70    306.40
    588.00   4487.00     -9.10    -35.00     10.00      0.33    275.00     25.00    307.40    308.60    307.40
    558.00   4898.00    -11.90    -36.90     11.00      0.29    273.00     34.00    308.60    309.70    308.70
    519.00   5447.00    -15.30    -42.30      8.00      0.18    270.00     47.00    310.90    311.60    311.00
    500.00   5730.00    -17.10    -45.10      7.00      0.14    270.00     47.00    312.10    312.70    312.10
    435.00   6757.00    -23.30    -48.70      8.00      0.11    270.00     60.00    317.00    317.40    317.00
    423.00   6963.00    -24.50    -49.40      8.00      0.10    275.00     74.00    317.90    318.40    318.00
    421.00   6997.00    -24.50    -49.50      8.00      0.10    275.00     75.00    318.40    318.80    318.40
    400.00   7370.00    -22.90    -64.90      1.00      0.02    270.00     91.00    325.10    325.20    325.10
    395.00   7462.00    -22.60    -64.80      1.00      0.02    270.00     93.00    326.80    326.80    326.80
    374.00   7864.00    -21.10    -64.10      1.00      0.02    276.00    110.00    333.80    333.90    333.80
    341.00   8535.00    -24.70    -57.40      3.00      0.05    285.00    138.00    337.80    338.00    337.80
    313.00   9158.00    -28.10    -51.10      9.00      0.11    285.00    137.00    341.50    342.00    341.50
    300.00   9460.00    -30.90    -52.90     10.00      0.09    285.00    136.00    341.70    342.10    341.70
    261.00  10436.00    -40.10    -58.10     13.00      0.06    285.00    136.00    342.10    342.30    342.10
    250.00  10730.00    -42.30    999.90    999.90    999.90    285.00    136.00    343.00    999.90    343.00
    220.00  11566.00    -49.90    999.90    999.90    999.90    285.00    140.00    344.10    999.90    344.10
    200.00  12190.00    -55.50    999.90    999.90    999.90    285.00    134.00    344.70    999.90    344.70
    157.00  13694.00    -65.10    999.90    999.90    999.90    272.00    131.00    353.10    999.90    353.10
    150.00  13970.00    -66.70    999.90    999.90    999.90    270.00    130.00    355.00    999.90    355.00
    137.00  14510.00    -68.80    999.90    999.90    999.90    265.00    121.00    360.60    999.90    360.60
    108.00  15927.00    -74.30    999.90    999.90    999.90    260.00     93.00    375.60    999.90    375.60
    104.00  16149.00    -72.60    999.90    999.90    999.90    255.00     89.00    382.90    999.90    382.90
    102.00  16263.00    -71.70    999.90    999.90    999.90    255.00     88.00    386.70    999.90    386.70
    100.00  16380.00    -72.30    999.90    999.90    999.90    255.00     87.00    387.80    999.90    387.80
     90.00  16994.00    -72.50    999.90    999.90    999.90    280.00     82.00    399.30    999.90    399.30
     79.00  17755.00    -72.70    999.90    999.90    999.90    275.00     49.00    413.90    999.90    413.90
     74.00  18136.00    -72.80    999.90    999.90    999.90    250.00     47.00    421.50    999.90    421.50
     71.30  18353.00    -72.90    999.90    999.90    999.90    253.00     52.00    425.90    999.90    425.90
     70.00  18460.00    -72.70    999.90    999.90    999.90    255.00     54.00    428.50    999.90    428.50
     68.00  18633.00    -71.10    999.90    999.90    999.90    255.00     58.00    435.60    999.90    435.60
     61.50  19233.00    -65.50    999.90    999.90    999.90    263.00     32.00    460.60    999.90    460.60
     60.00  19384.00    -63.00    999.90    999.90    999.90    265.00     25.00    469.40    999.90    469.40
     59.80  19404.00    -62.70    999.90    999.90    999.90    264.00     25.00    470.60    999.90    470.60
     54.70  19949.00    -65.70    999.90    999.90    999.90    243.00     19.00    475.90    999.90    475.90
     53.00  20142.00    -63.00    999.90    999.90    999.90    235.00     17.00    486.40    999.90    486.40
     52.80  20165.00    -62.70    999.90    999.90    999.90    235.00     17.00    487.60    999.90    487.60
     50.00  20500.00    -63.10    999.90    999.90    999.90    230.00     19.00    494.40    999.90    494.40
     48.00  20753.00    -62.90    999.90    999.90    999.90    190.00     27.00    500.60    999.90    500.60
     42.00  21582.00    -62.30    999.90    999.90    999.90    245.00     23.00    521.60    999.90    521.60
     40.00  21885.00    -62.00    999.90    999.90    999.90    230.00     19.00    529.50    999.90    529.50
     38.00  22203.00    -61.80    999.90    999.90    999.90    250.00     10.00    538.00    999.90    538.00
     34.00  22893.00    -61.30    999.90    999.90    999.90    260.00     17.00    556.70    999.90    556.70
     30.00  23670.00    -60.70    999.90    999.90    999.90    280.00     14.00    578.60    999.90    578.60
     28.20  24054.00    -61.30    999.90    999.90    999.90    287.00     13.00    587.20    999.90    587.20
     22.40  25504.00    -54.50    999.90    999.90    999.90    313.00     10.00    647.30    999.90    647.30
     22.00  25620.00    -54.40    999.90    999.90    999.90    315.00     10.00    650.80    999.90    650.80
     20.00  26230.00    -54.10    999.90    999.90    999.90    340.00     14.00    669.80    999.90    669.80
     18.00  26912.00    -53.30    999.90    999.90    999.90    330.00     17.00    692.80    999.90    692.80
     17.00  27283.00    -52.90    999.90    999.90    999.90    295.00     16.00    705.60    999.90    705.60
     15.00  28094.00    -51.90    999.90    999.90    999.90    340.00     39.00    734.40    999.90    734.40
     14.00  28540.00    -51.40    999.90    999.90    999.90    340.00     27.00    750.80    999.90    750.80
     13.00  29020.00    -50.90    999.90    999.90    999.90    305.00     23.00    768.70    999.90    768.70
     10.00  30720.00    -48.90    999.90    999.90    999.90    305.00     19.00    835.90    999.90    835.90
      9.90  30786.00    -48.90    999.90    999.90    999.90    999.90    999.90    838.30    999.90    838.30
      9.40  31128.00    -46.10    999.90    999.90    999.90    999.90    999.90    861.50    999.90    861.50
