47918 ROIG Ishigakijima Observations at 12Z 15 Jan 2010
--------------------------------------------------------------------------------------------------------------
      PRES      HGHT      TEMP      DWPT      RELH      MIXR      DRCT      SKNT      THTA      THTE      THTV
       hPa         m         C         C         %      g/kg       deg      knot         K         K         K
--------------------------------------------------------------------------------------------------------------
   1026.00      7.00     17.40      9.40     59.00      7.26     60.00      8.00    288.40    309.10    289.70
   1000.00    227.00     16.20      8.20     59.00      6.86     70.00     14.00    289.40    309.00    290.60
    925.00    884.00     10.40      7.10     80.00      6.88     75.00     16.00    289.90    309.70    291.10
    881.00   1285.00      6.70      5.00     89.00      6.23     90.00     14.00    290.20    308.20    291.30
    850.00   1580.00      4.00      3.40     96.00      5.78    110.00      8.00    290.30    307.10    291.30
    845.00   1628.00      3.60      3.00     96.00      5.65    117.00      8.00    290.40    306.80    291.40
    814.00   1932.00      4.60     -5.40     48.00      3.16    158.00      7.00    294.60    304.20    295.10
    806.00   2013.00      5.40     -6.60     42.00      2.91    169.00      7.00    296.20    305.20    296.80
    780.00   2281.00      6.00    -23.00     10.00      0.78    206.00      7.00    299.70    302.30    299.80
    752.00   2579.00      4.20    -17.80     18.00      1.26    247.00      6.00    300.90    305.00    301.10
    750.00   2601.00      4.30    -18.90     17.00      1.15    250.00      6.00    301.20    305.10    301.40
    719.00   2945.00      6.00    -36.00      3.00      0.25    216.00      8.00    306.70    307.70    306.80
    718.00   2956.00      6.00    -36.20      3.00      0.24    215.00      8.00    306.90    307.80    306.90
    700.00   3164.00      5.80    -40.20      2.00      0.17    245.00     10.00    308.90    309.50    308.90
    687.00   3317.00      5.70    -37.30      3.00      0.23    265.00     10.00    310.40    311.20    310.40
    622.00   4130.00      5.00    -22.00     12.00      1.06    261.00     19.00    318.60    322.40    318.80
    607.00   4327.00      3.40    -19.40     17.00      1.36    260.00     21.00    319.00    323.80    319.20
    563.00   4934.00     -1.50    -11.50     46.00      2.83    289.00     34.00    320.10    329.70    320.70
    555.00   5048.00     -1.30    -13.50     39.00      2.45    295.00     37.00    321.70    330.10    322.20
    531.00   5402.00     -0.50    -19.50     22.00      1.55    275.00     38.00    326.70    332.30    327.00
    509.00   5738.00     -3.00    -24.10     18.00      1.07    255.00     39.00    327.60    331.60    327.80
    500.00   5880.00     -4.10    -26.10     16.00      0.91    255.00     39.00    328.00    331.40    328.20
    403.00   7533.00    -15.90    -48.50      4.00      0.12    265.00     41.00    333.50    334.00    333.60
    400.00   7590.00    -16.30    -49.30      4.00      0.11    265.00     41.00    333.70    334.20    333.70
    322.00   9192.00    -26.70    -47.70     12.00      0.16    254.00     55.00    340.70    341.40    340.70
    300.00   9700.00    -30.90    -52.90     10.00      0.09    250.00     60.00    341.70    342.10    341.70
    284.00  10084.00    -34.30    -57.30      8.00      0.06    250.00     59.00    342.20    342.50    342.20
    272.00  10383.00    -36.20    -52.40     17.00      0.11    250.00     58.00    343.80    344.20    343.80
    270.00  10434.00    -36.50    -51.50     20.00      0.12    250.00     58.00    344.00    344.60    344.00
    254.00  10852.00    -40.10    -53.10     24.00      0.11    254.00     58.00    344.70    345.20    344.80
    250.00  10960.00    -41.10    999.90    999.90    999.90    255.00     58.00    344.80    999.90    344.80
    200.00  12440.00    -52.70    999.90    999.90    999.90    250.00     70.00    349.10    999.90    349.10
    188.00  12825.00    -55.50    999.90    999.90    999.90    245.00     72.00    350.80    999.90    350.80
    153.00  14108.00    -64.90    999.90    999.90    999.90    225.00     80.00    356.10    999.90    356.10
    151.00  14190.00    -65.50    999.90    999.90    999.90    228.00     79.00    356.40    999.90    356.40
    150.00  14230.00    -65.10    999.90    999.90    999.90    230.00     78.00    357.70    999.90    357.70
    117.00  15696.00    -73.80    999.90    999.90    999.90    255.00     58.00    368.10    999.90    368.10
    103.00  16448.00    -78.20    999.90    999.90    999.90    265.00     51.00    373.20    999.90    373.20
    101.00  16563.00    -78.90    999.90    999.90    999.90    265.00     47.00    374.00    999.90    374.00
    100.00  16620.00    -78.90    999.90    999.90    999.90    265.00     47.00    375.00    999.90    375.00
     93.00  17031.00    -78.90    999.90    999.90    999.90    270.00     37.00    382.80    999.90    382.80
     88.00  17344.00    -79.00    999.90    999.90    999.90    290.00     31.00    388.90    999.90    388.90
     78.00  18027.00    -79.00    999.90    999.90    999.90    255.00     27.00    402.30    999.90    402.30
     70.00  18640.00    -79.10    999.90    999.90    999.90    260.00     29.00    414.80    999.90    414.80
     63.00  19241.00    -78.30    999.90    999.90    999.90    280.00     14.00    429.30    999.90    429.30
     61.30  19397.00    -78.10    999.90    999.90    999.90    267.00     15.00    433.10    999.90    433.10
     59.00  19620.00    -75.20    999.90    999.90    999.90    250.00     17.00    444.30    999.90    444.30
     56.00  19924.00    -71.30    999.90    999.90    999.90    260.00     16.00    459.90    999.90    459.90
     55.10  20018.00    -70.10    999.90    999.90    999.90    257.00     16.00    464.80    999.90    464.80
     50.00  20600.00    -67.50    999.90    999.90    999.90    240.00     14.00    484.00    999.90    484.00
     49.30  20685.00    -67.10    999.90    999.90    999.90    245.00     14.00    486.90    999.90    486.90
     47.00  20978.00    -62.50    999.90    999.90    999.90    260.00     16.00    504.60    999.90    504.60
     46.50  21044.00    -61.50    999.90    999.90    999.90    258.00     17.00    508.60    999.90    508.60
     45.00  21249.00    -61.30    999.90    999.90    999.90    250.00     19.00    513.90    999.90    513.90
     40.00  21985.00    -60.50    999.90    999.90    999.90    310.00     14.00    533.30    999.90    533.30
     38.00  22305.00    -60.20    999.90    999.90    999.90    290.00     12.00    542.00    999.90    542.00
     33.00  23187.00    -59.30    999.90    999.90    999.90    330.00     19.00    566.70    999.90    566.70
     32.90  23206.00    -59.30    999.90    999.90    999.90    330.00     18.00    567.20    999.90    567.20
     32.00  23381.00    -58.30    999.90    999.90    999.90    335.00      8.00    574.50    999.90    574.50
     30.00  23790.00    -55.90    999.90    999.90    999.90    335.00     16.00    591.60    999.90    591.60
     28.00  24230.00    -54.80    999.90    999.90    999.90    355.00     16.00    606.60    999.90    606.60
     27.90  24252.00    -54.70    999.90    999.90    999.90    357.00     16.00    607.40    999.90    607.40
     25.00  24957.00    -54.00    999.90    999.90    999.90     65.00     12.00    628.80    999.90    628.80
     22.00  25778.00    -53.10    999.90    999.90    999.90    205.00      4.00    654.70    999.90    654.70
     21.00  26077.00    -52.80    999.90    999.90    999.90     10.00     10.00    664.40    999.90    664.40
     20.00  26390.00    -52.50    999.90    999.90    999.90     10.00     12.00    674.70    999.90    674.70
     19.00  26722.00    -52.30    999.90    999.90    999.90     10.00     16.00    685.20    999.90    685.20
     18.00  27071.00    -52.20    999.90    999.90    999.90     50.00     14.00    696.40    999.90    696.40
     17.00  27440.00    -52.00    999.90    999.90    999.90     65.00     12.00    708.40    999.90    708.40
     16.00  27832.00    -51.80    999.90    999.90    999.90     20.00     14.00    721.50    999.90    721.50
     15.00  28249.00    -51.60    999.90    999.90    999.90     35.00     17.00    735.50    999.90    735.50
     12.00  29692.00    -50.90    999.90    999.90    999.90      5.00     12.00    786.50    999.90    786.50
     11.00  30254.00    -50.60    999.90    999.90    999.90    315.00     16.00    807.30    999.90    807.30
     10.00  30870.00    -50.30    999.90    999.90    999.90    330.00     25.00    830.70    999.90    830.70
      9.50  31205.00    -49.90    999.90    999.90    999.90    999.90    999.90    844.50    999.90    844.50
