47918 ROIG Ishigakijima Observations at 12Z 23 Jan 2013
--------------------------------------------------------------------------------------------------------------
      PRES      HGHT      TEMP      DWPT      RELH      MIXR      DRCT      SKNT      THTA      THTE      THTV
       hPa         m         C         C         %      g/kg       deg      knot         K         K         K
--------------------------------------------------------------------------------------------------------------
   1019.00      7.00     17.00     12.70     76.00      9.13     40.00      9.00    288.60    314.40    290.20
   1000.00    164.00     15.60     11.00     74.00      8.30     45.00     14.00    288.80    312.30    290.20
    944.00    648.00     11.50      9.90     90.00      8.17     40.00     19.00    289.30    312.60    290.80
    925.00    819.00     10.00      9.50     97.00      8.12     35.00     17.00    289.50    312.60    290.90
    910.00    955.00      9.20      8.60     96.00      7.78     30.00     16.00    290.10    312.30    291.40
    892.00   1121.00      8.20      7.60     96.00      7.39      2.00     14.00    290.70    311.90    292.00
    877.00   1262.00     10.40      6.20     75.00      6.82    339.00     13.00    294.40    314.40    295.60
    862.00   1406.00     12.60      7.90     73.00      7.81    315.00     11.00    298.10    321.30    299.50
    850.00   1524.00     11.60      7.70     77.00      7.81    295.00     10.00    298.30    321.40    299.70
    842.00   1603.00     10.90      7.50     79.00      7.79    280.00     10.00    298.40    321.50    299.80
    809.00   1935.00      8.10      6.70     91.00      7.67    300.00      8.00    298.80    321.60    300.20
    788.00   2153.00      6.20      6.20    100.00      7.60    277.00     10.00    299.00    321.60    300.40
    747.00   2588.00      4.00      3.90     99.00      6.82    230.00     14.00    301.30    321.80    302.50
    700.00   3118.00      1.40      1.10     98.00      5.96    250.00     21.00    304.00    322.30    305.10
    673.00   3434.00     -0.90     -2.60     88.00      4.72    260.00     29.00    304.90    319.50    305.70
    650.00   3710.00     -3.30    -14.30     42.00      1.95    268.00     37.00    305.20    311.60    305.60
    640.00   3833.00     -4.10    -18.10     33.00      1.44    272.00     40.00    305.60    310.40    305.90
    632.00   3932.00     -2.60    -18.30     29.00      1.44    275.00     43.00    308.40    313.30    308.70
    621.00   4072.00     -0.50    -18.50     24.00      1.44    275.00     44.00    312.40    317.30    312.70
    597.00   4386.00     -1.90    -21.90     20.00      1.12    274.00     46.00    314.30    318.20    314.50
    557.00   4933.00     -5.90    -33.90      9.00      0.39    272.00     50.00    315.90    317.40    316.00
    500.00   5770.00    -10.50    -37.50      9.00      0.31    270.00     56.00    320.20    321.40    320.20
    496.00   5832.00    -11.10    -37.10     10.00      0.32    272.00     57.00    320.20    321.40    320.20
    487.00   5971.00    -12.00    -37.20     10.00      0.32    275.00     58.00    320.70    321.90    320.80
    462.00   6373.00    -14.70    -37.70     12.00      0.32    275.00     72.00    322.20    323.50    322.30
    445.00   6658.00    -11.80    -50.00      3.00      0.09    275.00     82.00    329.30    329.70    329.30
    443.00   6692.00    -11.50    -51.50      2.00      0.08    275.00     83.00    330.20    330.50    330.20
    400.00   7470.00    -14.30    -59.30      1.00      0.03    270.00     95.00    336.30    336.50    336.30
    389.00   7680.00    -15.10    -51.10      3.00      0.09    271.00     95.00    338.00    338.40    338.00
    317.00   9178.00    -27.20    -66.40      1.00      0.02    275.00     95.00    341.50    341.50    341.50
    301.00   9556.00    -30.30    -70.30      1.00      0.01    266.00     93.00    342.20    342.30    342.20
    300.00   9580.00    -30.50    -70.50      1.00      0.01    265.00     93.00    342.30    342.30    342.30
    283.00   9995.00    -32.30    -71.30      1.00      0.01    267.00     94.00    345.40    345.50    345.40
    251.00  10833.00    -40.10    -65.10      5.00      0.02    270.00     97.00    345.90    346.00    345.90
    250.00  10860.00    -40.10    999.90    999.90    999.90    270.00     97.00    346.30    999.90    346.30
    208.00  12080.00    -50.20    999.90    999.90    999.90    255.00    105.00    349.20    999.90    349.20
    200.00  12340.00    -52.30    999.90    999.90    999.90    250.00    105.00    349.80    999.90    349.80
    176.00  13151.00    -57.50    999.90    999.90    999.90    250.00     97.00    354.30    999.90    354.30
    165.00  13561.00    -60.10    999.90    999.90    999.90    256.00     95.00    356.50    999.90    356.50
    150.00  14150.00    -63.90    999.90    999.90    999.90    265.00     93.00    359.80    999.90    359.80
    110.00  15977.00    -79.40    999.90    999.90    999.90    275.00     80.00    364.10    999.90    364.10
    108.00  16085.00    -80.30    999.90    999.90    999.90    270.00     80.00    364.20    999.90    364.20
    100.00  16520.00    -79.70    999.90    999.90    999.90    265.00     80.00    373.50    999.90    373.50
     94.00  16868.00    -79.60    999.90    999.90    999.90    275.00     80.00    380.40    999.90    380.40
     88.60  17202.00    -79.50    999.90    999.90    999.90    275.00     76.00    387.00    999.90    387.00
     80.00  17773.00    -80.70    999.90    999.90    999.90    275.00     68.00    395.90    999.90    395.90
     71.50  18402.00    -82.10    999.90    999.90    999.90    267.00     55.00    406.00    999.90    406.00
     70.00  18520.00    -80.30    999.90    999.90    999.90    265.00     52.00    412.30    999.90    412.30
     67.00  18771.00    -78.60    999.90    999.90    999.90    255.00     47.00    421.20    999.90    421.20
     61.00  19310.00    -74.90    999.90    999.90    999.90    300.00     37.00    440.90    999.90    440.90
     60.00  19405.00    -74.20    999.90    999.90    999.90    300.00     25.00    444.40    999.90    444.40
     59.50  19453.00    -73.90    999.90    999.90    999.90    999.90    999.90    446.20    999.90    446.20
