47918 ROIG Ishigakijima Observations at 00Z 02 Jan 2015
--------------------------------------------------------------------------------------------------------------
      PRES      HGHT      TEMP      DWPT      RELH      MIXR      DRCT      SKNT      THTA      THTE      THTV
       hPa         m         C         C         %      g/kg       deg      knot         K         K         K
--------------------------------------------------------------------------------------------------------------
   1026.00      7.00     14.80      6.80     59.00      6.07      0.00     11.00    285.90    303.10    286.90
   1000.00    224.00     12.60      5.60     62.00      5.73     10.00     14.00    285.80    302.10    286.70
    990.00    307.00     11.90      5.40     65.00      5.71     15.00     16.00    285.90    302.10    286.80
    925.00    871.00      7.00      4.10     82.00      5.58     20.00     17.00    286.50    302.40    287.40
    914.00    969.00      6.20      3.80     84.00      5.51     25.00     16.00    286.70    302.40    287.60
    850.00   1561.00      1.60      1.60    100.00      5.08     50.00     16.00    287.80    302.50    288.70
    838.00   1675.00      0.80      0.50     98.00      4.77     55.00     16.00    288.10    301.90    289.00
    805.00   1997.00     -1.50     -2.50     93.00      3.97     21.00     15.00    289.00    300.70    289.70
    799.00   2056.00     -1.90    -21.90     20.00      0.83     14.00     15.00    289.20    291.90    289.40
    796.00   2086.00     -2.30    -28.30     12.00      0.47     11.00     15.00    289.10    290.70    289.20
    788.00   2166.00     -0.70    -28.70     10.00      0.46      3.00     15.00    291.60    293.20    291.70
    783.00   2218.00      3.40    -22.60     13.00      0.80    357.00     14.00    296.60    299.20    296.70
    772.00   2332.00      5.40    -21.60     12.00      0.89    345.00     14.00    299.90    302.90    300.10
    742.00   2654.00      4.10    -21.30     14.00      0.95    340.00     16.00    301.90    305.10    302.10
    700.00   3126.00      2.20    -20.80     16.00      1.05    295.00     14.00    304.90    308.40    305.10
    691.00   3230.00      1.60    -16.40     25.00      1.54    286.00     16.00    305.40    310.50    305.60
    681.00   3347.00      1.50    -18.10     22.00      1.36    275.00     19.00    306.50    311.10    306.70
    646.00   3772.00      1.00    -24.00     13.00      0.86    272.00     28.00    310.60    313.60    310.80
    630.00   3973.00      2.00    -12.00     35.00      2.43    270.00     33.00    314.00    322.10    314.40
    609.00   4246.00      0.60    -11.40     40.00      2.64    268.00     39.00    315.40    324.20    315.90
    589.00   4513.00     -0.50    -18.50     24.00      1.52    266.00     45.00    317.20    322.40    317.50
    585.00   4568.00     -1.10    -13.10     40.00      2.40    266.00     46.00    317.10    325.20    317.60
    575.00   4705.00     -1.90    -23.90     17.00      0.97    265.00     49.00    317.70    321.20    317.90
    573.00   4733.00     -2.10    -11.10     50.00      2.87    265.00     49.00    317.80    327.40    318.40
    545.00   5130.00     -3.70     -7.50     75.00      4.01    271.00     53.00    320.50    333.90    321.20
    520.00   5501.00     -3.30    -14.30     42.00      2.44    276.00     57.00    325.30    333.80    325.80
    500.00   5810.00     -5.50    -15.50     45.00      2.30    280.00     60.00    326.30    334.40    326.70
    421.00   7132.00    -15.60    -26.50     39.00      1.04    280.00     64.00    329.80    333.60    330.00
    416.00   7224.00    -16.30    -27.30     38.00      0.99    279.00     66.00    330.00    333.70    330.20
    409.00   7352.00    -15.10    -34.10     18.00      0.52    277.00     70.00    333.10    335.20    333.30
    400.00   7520.00    -15.90    -31.90     24.00      0.66    275.00     74.00    334.20    336.80    334.40
    377.00   7965.00    -16.70    -47.70      5.00      0.14    274.00     73.00    338.90    339.50    338.90
    300.00   9630.00    -31.50    -49.50     15.00      0.14    270.00     70.00    340.90    341.50    340.90
    285.00   9992.00    -34.90    -49.90     20.00      0.14    275.00     73.00    341.00    341.60    341.10
    273.00  10293.00    -36.10    -57.90      9.00      0.06    280.00     76.00    343.50    343.80    343.50
    271.00  10344.00    -36.30    -59.30      7.00      0.05    280.00     76.00    343.90    344.20    343.90
    256.00  10738.00    -40.10    -60.10     10.00      0.05    280.00     77.00    344.00    344.20    344.00
    250.00  10900.00    -41.30    999.90    999.90    999.90    280.00     78.00    344.50    999.90    344.50
    200.00  12370.00    -54.50    999.90    999.90    999.90    270.00     74.00    346.30    999.90    346.30
    179.00  13072.00    -58.80    999.90    999.90    999.90    275.00     86.00    350.50    999.90    350.50
    172.00  13325.00    -60.30    999.90    999.90    999.90    275.00     87.00    352.00    999.90    352.00
    170.00  13397.00    -60.70    999.90    999.90    999.90    275.00     87.00    352.40    999.90    352.40
    150.00  14170.00    -65.30    999.90    999.90    999.90    265.00     80.00    357.40    999.90    357.40
    136.00  14748.00    -68.70    999.90    999.90    999.90    255.00     82.00    361.60    999.90    361.60
    107.00  16162.00    -76.90    999.90    999.90    999.90    273.00     62.00    371.60    999.90    371.60
    104.00  16325.00    -76.70    999.90    999.90    999.90    275.00     60.00    375.00    999.90    375.00
    100.00  16550.00    -76.50    999.90    999.90    999.90    275.00     56.00    379.70    999.90    379.70
     96.00  16781.00    -77.80    999.90    999.90    999.90    275.00     51.00    381.60    999.90    381.60
     80.00  17814.00    -83.50    999.90    999.90    999.90    265.00     51.00    390.30    999.90    390.30
     79.90  17821.00    -83.50    999.90    999.90    999.90    265.00     51.00    390.40    999.90    390.40
     70.00  18560.00    -81.50    999.90    999.90    999.90    300.00     41.00    409.70    999.90    409.70
     68.00  18723.00    -80.30    999.90    999.90    999.90    305.00     39.00    415.70    999.90    415.70
     66.70  18832.00    -79.50    999.90    999.90    999.90    300.00     36.00    419.70    999.90    419.70
     61.00  19349.00    -72.90    999.90    999.90    999.90    275.00     23.00    445.20    999.90    445.20
     59.50  19493.00    -71.10    999.90    999.90    999.90    268.00     25.00    452.50    999.90    452.50
     57.00  19746.00    -71.70    999.90    999.90    999.90    255.00     29.00    456.60    999.90    456.60
     55.60  19893.00    -72.10    999.90    999.90    999.90    269.00     30.00    459.00    999.90    459.00
     54.00  20068.00    -69.80    999.90    999.90    999.90    285.00     31.00    468.10    999.90    468.10
     50.40  20481.00    -64.50    999.90    999.90    999.90    289.00     29.00    489.90    999.90    489.90
     50.00  20530.00    -64.50    999.90    999.90    999.90    290.00     29.00    491.10    999.90    491.10
     48.00  20779.00    -64.40    999.90    999.90    999.90    295.00     31.00    497.20    999.90    497.20
     44.60  21227.00    -64.10    999.90    999.90    999.90    284.00     28.00    508.30    999.90    508.30
     42.00  21598.00    -61.70    999.90    999.90    999.90    275.00     25.00    523.10    999.90    523.10
     40.00  21899.00    -59.70    999.90    999.90    999.90    305.00     17.00    535.40    999.90    535.40
     39.20  22024.00    -58.90    999.90    999.90    999.90    305.00     15.00    540.50    999.90    540.50
     37.00  22388.00    -58.10    999.90    999.90    999.90    305.00      8.00    551.50    999.90    551.50
     35.00  22738.00    -57.40    999.90    999.90    999.90    275.00      6.00    562.30    999.90    562.30
     33.00  23109.00    -56.60    999.90    999.90    999.90    205.00      4.00    574.00    999.90    574.00
     30.00  23710.00    -55.30    999.90    999.90    999.90    190.00      8.00    593.30    999.90    593.30
     29.00  23929.00    -54.60    999.90    999.90    999.90    190.00      4.00    601.00    999.90    601.00
     24.40  25044.00    -51.10    999.90    999.90    999.90     85.00      8.00    641.50    999.90    641.50
     24.00  25151.00    -51.50    999.90    999.90    999.90     75.00      8.00    643.50    999.90    643.50
     21.40  25893.00    -53.90    999.90    999.90    999.90     71.00     10.00    657.60    999.90    657.60
     21.00  26015.00    -53.50    999.90    999.90    999.90     70.00     10.00    662.50    999.90    662.50
     20.00  26330.00    -52.30    999.90    999.90    999.90     95.00     16.00    675.30    999.90    675.30
     19.00  26662.00    -51.10    999.90    999.90    999.90    103.00     15.00    689.00    999.90    689.00
     17.00  27379.00    -52.80    999.90    999.90    999.90    120.00     12.00    705.90    999.90    705.90
     15.00  28184.00    -54.70    999.90    999.90    999.90    110.00     10.00    725.30    999.90    725.30
     14.40  28447.00    -55.30    999.90    999.90    999.90    137.00     11.00    731.70    999.90    731.70
     13.00  29107.00    -52.70    999.90    999.90    999.90    205.00     14.00    762.30    999.90    762.30
     12.00  29623.00    -50.70    999.90    999.90    999.90    145.00      8.00    787.00    999.90    787.00
     11.80  29732.00    -50.30    999.90    999.90    999.90    131.00      9.00    792.30    999.90    792.30
     11.00  30186.00    -52.40    999.90    999.90    999.90     75.00     12.00    800.70    999.90    800.70
     10.40  30548.00    -54.10    999.90    999.90    999.90    999.90    999.90    807.40    999.90    807.40
