47918 ROIG Ishigakijima Observations at 12Z 28 Jan 2013
--------------------------------------------------------------------------------------------------------------
      PRES      HGHT      TEMP      DWPT      RELH      MIXR      DRCT      SKNT      THTA      THTE      THTV
       hPa         m         C         C         %      g/kg       deg      knot         K         K         K
--------------------------------------------------------------------------------------------------------------
   1023.00      7.00     15.40      8.40     63.00      6.80     40.00      5.00    286.70    306.00    287.90
   1000.00    201.00     15.40      7.40     59.00      6.50     45.00      8.00    288.60    307.20    289.70
    992.00    269.00     15.20      6.20     55.00      6.03     48.00      8.00    289.00    306.40    290.10
    925.00    856.00      9.80      5.20     73.00      6.03     75.00     12.00    289.30    306.70    290.40
    909.00    999.00      8.60      4.40     75.00      5.79     75.00     12.00    289.50    306.30    290.60
    850.00   1551.00      4.00      1.20     82.00      4.93     20.00     10.00    290.30    304.70    291.20
    835.00   1695.00      3.10      0.10     81.00      4.63      5.00     10.00    290.90    304.40    291.70
    817.00   1872.00      2.00     -1.30     79.00      4.28    354.00     10.00    291.50    304.10    292.30
    801.00   2032.00      3.00     -5.00     56.00      3.31    345.00     11.00    294.20    304.20    294.80
    788.00   2164.00      3.40      0.60     82.00      5.10    337.00     11.00    296.00    311.30    296.90
    784.00   2206.00      3.80     -3.20     60.00      3.87    334.00     11.00    296.90    308.70    297.60
    761.00   2446.00      2.80    -13.20     30.00      1.82    320.00     12.00    298.30    304.10    298.60
    730.00   2781.00      1.30    -27.20     10.00      0.57    260.00      8.00    300.30    302.20    300.40
    724.00   2848.00      1.00    -30.00      8.00      0.44    260.00      9.00    300.60    302.20    300.70
    700.00   3118.00      0.00    -26.00     12.00      0.66    260.00     12.00    302.40    304.70    302.60
    645.00   3770.00     -2.30    -31.60      8.00      0.42    245.00     23.00    307.00    308.60    307.10
    635.00   3895.00     -2.70    -32.70      8.00      0.39    246.00     26.00    307.90    309.30    308.00
    592.00   4442.00     -5.30    -36.50      7.00      0.29    250.00     41.00    311.10    312.20    311.20
    500.00   5760.00    -11.50    -45.50      4.00      0.13    275.00     54.00    318.90    319.50    319.00
    476.00   6135.00    -13.20    -43.50      6.00      0.17    275.00     60.00    321.40    322.10    321.50
    449.00   6580.00    -15.10    -41.10      9.00      0.23    277.00     73.00    324.40    325.30    324.40
    411.00   7247.00    -16.70    -33.70     22.00      0.54    279.00     93.00    330.60    332.70    330.70
    400.00   7450.00    -18.10    -38.10     16.00      0.36    280.00     99.00    331.40    332.80    331.40
    393.00   7580.00    -18.90    -38.40     16.00      0.36    275.00     99.00    331.90    333.40    332.00
    343.00   8578.00    -25.50    -40.50     23.00      0.33    270.00    104.00    336.20    337.50    336.30
    300.00   9530.00    -33.50    -45.50     29.00      0.22    265.00    109.00    338.00    339.00    338.10
    291.00   9742.00    -35.10    -47.10     28.00      0.19    265.00    111.00    338.80    339.60    338.80
    264.00  10419.00    -40.10    -52.10     27.00      0.12    268.00    110.00    341.00    341.50    341.00
    250.00  10790.00    -43.10    999.90    999.90    999.90    270.00    109.00    341.90    999.90    341.90
    234.00  11223.00    -46.40    999.90    999.90    999.90    260.00    107.00    343.40    999.90    343.40
    200.00  12250.00    -54.30    999.90    999.90    999.90    255.00    107.00    346.60    999.90    346.60
    150.00  14050.00    -65.10    999.90    999.90    999.90    255.00    101.00    357.70    999.90    357.70
    142.00  14383.00    -67.50    999.90    999.90    999.90    256.00     98.00    359.20    999.90    359.20
    124.00  15195.00    -69.90    999.90    999.90    999.90    260.00     91.00    369.00    999.90    369.00
    123.00  15243.00    -70.20    999.90    999.90    999.90    260.00     91.00    369.30    999.90    369.30
    103.00  16278.00    -77.50    999.90    999.90    999.90    265.00     87.00    374.60    999.90    374.60
    100.00  16450.00    -78.70    999.90    999.90    999.90    265.00     86.00    375.40    999.90    375.40
     88.40  17147.00    -80.10    999.90    999.90    999.90    275.00     74.00    386.10    999.90    386.10
     87.00  17239.00    -79.50    999.90    999.90    999.90    275.00     70.00    389.10    999.90    389.10
     81.00  17648.00    -76.60    999.90    999.90    999.90    280.00     56.00    403.00    999.90    403.00
     74.50  18128.00    -73.30    999.90    999.90    999.90    252.00     50.00    419.70    999.90    419.70
     74.00  18167.00    -73.50    999.90    999.90    999.90    250.00     49.00    420.10    999.90    420.10
     70.00  18490.00    -74.90    999.90    999.90    999.90    255.00     45.00    423.80    999.90    423.80
     59.00  19487.00    -74.30    999.90    999.90    999.90    280.00     43.00    446.40    999.90    446.40
     54.00  20013.00    -66.90    999.90    999.90    999.90    262.00     43.00    474.90    999.90    474.90
     52.00  20242.00    -66.70    999.90    999.90    999.90    255.00     43.00    480.50    999.90    480.50
     50.00  20480.00    -66.50    999.90    999.90    999.90    260.00     45.00    486.40    999.90    486.40
     48.40  20677.00    -65.50    999.90    999.90    999.90    263.00     42.00    493.30    999.90    493.30
     45.10  21109.00    -62.70    999.90    999.90    999.90    270.00     36.00    510.10    999.90    510.10
     41.00  21690.00    -64.70    999.90    999.90    999.90    280.00     27.00    519.30    999.90    519.30
     38.00  22154.00    -66.30    999.90    999.90    999.90    265.00     39.00    526.60    999.90    526.60
     37.20  22284.00    -66.70    999.90    999.90    999.90    260.00     39.00    528.70    999.90    528.70
     34.00  22830.00    -65.80    999.90    999.90    999.90    255.00     33.00    544.90    999.90    544.90
     32.00  23198.00    -65.20    999.90    999.90    999.90    250.00     49.00    556.10    999.90    556.10
     30.00  23590.00    -64.50    999.90    999.90    999.90    260.00     39.00    568.20    999.90    568.20
     26.00  24474.00    -62.00    999.90    999.90    999.90    295.00     31.00    599.00    999.90    599.00
     23.30  25151.00    -60.10    999.90    999.90    999.90    264.00     31.00    623.70    999.90    623.70
     23.00  25232.00    -58.60    999.90    999.90    999.90    260.00     31.00    630.50    999.90    630.50
     22.60  25342.00    -56.50    999.90    999.90    999.90    272.00     31.00    639.80    999.90    639.80
     22.00  25514.00    -56.20    999.90    999.90    999.90    290.00     31.00    645.50    999.90    645.50
     20.00  26120.00    -55.30    999.90    999.90    999.90    275.00     31.00    666.20    999.90    666.20
     17.00  27161.00    -54.20    999.90    999.90    999.90    300.00     16.00    701.40    999.90    701.40
     16.00  27549.00    -53.80    999.90    999.90    999.90    320.00     16.00    715.10    999.90    715.10
     15.00  27963.00    -53.30    999.90    999.90    999.90    318.00     17.00    729.90    999.90    729.90
     14.00  28406.00    -53.70    999.90    999.90    999.90    315.00     19.00    743.20    999.90    743.20
     13.90  28453.00    -53.70    999.90    999.90    999.90    311.00     19.00    744.60    999.90    744.60
     13.00  28887.00    -50.00    999.90    999.90    999.90    275.00     23.00    771.90    999.90    771.90
     12.80  28988.00    -49.10    999.90    999.90    999.90    999.90    999.90    778.30    999.90    778.30
