47918 ROIG Ishigakijima Observations at 00Z 10 Jan 2017
--------------------------------------------------------------------------------------------------------------
      PRES      HGHT      TEMP      DWPT      RELH      MIXR      DRCT      SKNT      THTA      THTE      THTV
       hPa         m         C         C         %      g/kg       deg      knot         K         K         K
--------------------------------------------------------------------------------------------------------------
   1019.00      7.00     17.60     11.60     68.00      8.48     20.00      6.00    289.20    313.30    290.70
   1013.00     59.00     18.60     10.60     60.00      7.98     25.00      8.00    290.70    313.60    292.10
   1000.00    172.00     17.80      9.80     59.00      7.66     35.00     12.00    290.90    313.00    292.30
    983.00    318.00     16.70      9.20     61.00      7.47     50.00     16.00    291.30    312.90    292.60
    925.00    834.00     13.00      7.00     67.00      6.84     40.00     12.00    292.60    312.50    293.80
    908.00    989.00     12.10      6.40     68.00      6.69     35.00     12.00    293.20    312.80    294.40
    870.00   1346.00     10.10      5.10     71.00      6.38    335.00     12.00    294.70    313.50    295.90
    861.00   1433.00      9.60      4.80     72.00      6.30    331.00     11.00    295.10    313.70    296.20
    850.00   1540.00      9.60      4.60     71.00      6.29    325.00     10.00    296.20    314.80    297.30
    832.00   1717.00      8.80      3.00     67.00      5.75    315.00     10.00    297.10    314.30    298.20
    781.00   2239.00      6.40     -1.60     57.00      4.38    307.00     15.00    300.00    313.40    300.80
    766.00   2398.00      5.70     -4.50     48.00      3.60    305.00     17.00    301.00    312.10    301.60
    754.00   2528.00      5.20     -6.80     42.00      3.06    285.00     14.00    301.70    311.40    302.30
    734.00   2747.00      5.50    -14.50     22.00      1.70    250.00      8.00    304.40    310.00    304.70
    705.00   3077.00      6.00    -26.00      8.00      0.66    292.00     15.00    308.50    310.80    308.60
    703.00   3100.00      6.00    -25.60      8.00      0.68    295.00     16.00    308.70    311.10    308.90
    700.00   3135.00      6.00    -25.00      9.00      0.72    295.00     16.00    309.10    311.60    309.20
    680.00   3372.00      6.00    -29.00      6.00      0.51    288.00     20.00    311.70    313.50    311.80
    622.00   4091.00      2.80    -33.00      5.00      0.39    265.00     31.00    316.00    317.50    316.10
    534.00   5321.00     -2.70    -39.70      4.00      0.23    260.00     37.00    323.50    324.40    323.60
    529.00   5396.00     -3.20    -39.80      4.00      0.23    260.00     37.00    323.80    324.70    323.80
    500.00   5840.00     -6.30    -40.30      5.00      0.23    255.00     37.00    325.30    326.20    325.30
    430.00   6997.00    -14.50    -46.50      5.00      0.14    258.00     47.00    329.20    329.80    329.20
    413.00   7301.00    -15.90    -46.90      5.00      0.14    259.00     50.00    331.20    331.80    331.20
    400.00   7540.00    -17.50    -27.50     41.00      1.01    260.00     52.00    332.20    335.90    332.40
    398.00   7578.00    -17.90    -25.90     50.00      1.17    260.00     52.00    332.10    336.50    332.40
    395.00   7634.00    -17.30    -41.30     10.00      0.26    260.00     52.00    333.60    334.70    333.70
    390.00   7730.00    -18.10    -34.60     22.00      0.52    260.00     51.00    333.90    335.90    334.00
    387.00   7788.00    -18.50    -30.50     34.00      0.78    260.00     52.00    334.00    337.00    334.10
    360.00   8325.00    -20.90    -54.90      3.00      0.06    263.00     57.00    337.80    338.00    337.80
    341.00   8724.00    -23.90    -38.90     24.00      0.39    265.00     62.00    338.90    340.50    339.00
    339.00   8767.00    -24.20    -39.40     23.00      0.37    265.00     62.00    339.20    340.70    339.20
    314.00   9323.00    -27.50    -46.50     15.00      0.19    259.00     63.00    342.00    342.80    342.10
    300.00   9650.00    -30.10    -49.10     14.00      0.15    255.00     64.00    342.80    343.50    342.90
    253.00  10839.00    -40.10    -57.10     15.00      0.07    250.00     62.00    345.10    345.40    345.10
    250.00  10920.00    -40.70    999.90    999.90    999.90    250.00     62.00    345.40    999.90    345.40
    200.00  12400.00    -53.50    999.90    999.90    999.90    245.00     68.00    347.90    999.90    347.90
    190.00  12724.00    -55.80    999.90    999.90    999.90    240.00     68.00    349.30    999.90    349.30
    178.00  13137.00    -58.70    999.90    999.90    999.90    240.00     74.00    351.10    999.90    351.10
    163.00  13678.00    -61.90    999.90    999.90    999.90    240.00     82.00    354.70    999.90    354.70
    150.00  14190.00    -64.90    999.90    999.90    999.90    250.00     68.00    358.10    999.90    358.10
    116.00  15708.00    -77.10    999.90    999.90    999.90    255.00     43.00    362.80    999.90    362.80
    114.00  15811.00    -77.90    999.90    999.90    999.90    999.90    999.90    363.10    999.90    363.10
