47918 ROIG Ishigakijima Observations at 00Z 17 Jan 2017
--------------------------------------------------------------------------------------------------------------
      PRES      HGHT      TEMP      DWPT      RELH      MIXR      DRCT      SKNT      THTA      THTE      THTV
       hPa         m         C         C         %      g/kg       deg      knot         K         K         K
--------------------------------------------------------------------------------------------------------------
   1023.00      7.00     19.00     12.00     64.00      8.68     60.00     10.00    290.30    315.00    291.80
   1000.00    200.00     17.80      8.80     56.00      7.15     75.00     14.00    290.90    311.60    292.20
    987.00    311.00     16.80      8.60     58.00      7.12     80.00     16.00    291.10    311.60    292.30
    925.00    859.00     12.00      7.30     73.00      6.98     70.00     14.00    291.60    311.80    292.80
    915.00    949.00     11.30      7.00     75.00      6.92     70.00     14.00    291.80    311.80    293.00
    855.00   1514.00      7.20      5.30     88.00      6.57    292.00     10.00    293.20    312.40    294.40
    850.00   1562.00      7.60      5.40     86.00      6.66    280.00     10.00    294.10    313.60    295.30
    845.00   1611.00      7.50      5.20     86.00      6.63    265.00     12.00    294.40    313.90    295.60
    817.00   1888.00      6.60      4.40     86.00      6.46    265.00     19.00    296.40    315.50    297.50
    802.00   2041.00      8.60      1.60     61.00      5.39    265.00     23.00    300.10    316.40    301.10
    780.00   2271.00      7.80     -1.20     53.00      4.51    265.00     28.00    301.60    315.50    302.40
    778.00   2292.00      7.60     -1.40     53.00      4.47    265.00     29.00    301.70    315.40    302.50
    700.00   3153.00      0.80     -8.20     51.00      2.96    295.00     29.00    303.30    312.70    303.90
    686.00   3313.00     -0.40     -8.80     53.00      2.88    300.00     33.00    303.80    312.90    304.30
    608.00   4269.00     -7.50    -12.50     67.00      2.42    275.00     31.00    306.20    314.10    306.70
    592.00   4479.00     -2.10    -27.10     13.00      0.71    276.00     35.00    314.90    317.40    315.00
    583.00   4601.00     -0.90    -35.90      5.00      0.31    276.00     38.00    317.60    318.80    317.70
    524.00   5444.00     -5.60    -33.00      9.00      0.45    280.00     54.00    321.80    323.50    321.80
    521.00   5490.00     -5.90    -32.90     10.00      0.46    281.00     54.00    322.00    323.70    322.10
    500.00   5810.00     -8.90    -32.90     12.00      0.48    285.00     54.00    322.10    323.90    322.20
    480.00   6124.00    -10.50    -43.50      5.00      0.17    283.00     57.00    323.90    324.60    324.00
    400.00   7500.00    -18.70    -53.70      3.00      0.06    275.00     72.00    330.60    330.90    330.60
    394.00   7612.00    -19.50    -54.50      3.00      0.06    274.00     73.00    331.00    331.20    331.00
    349.00   8499.00    -26.50    -50.50      9.00      0.11    270.00     78.00    333.20    333.60    333.20
    312.00   9302.00    -29.10    -52.10      9.00      0.10    266.00     82.00    340.40    340.90    340.40
    300.00   9580.00    -31.70    -50.70     14.00      0.12    265.00     84.00    340.60    341.10    340.60
    287.00   9889.00    -34.00    -53.00     13.00      0.10    270.00     84.00    341.60    342.10    341.70
    256.00  10688.00    -39.90    -58.90     11.00      0.05    270.00     88.00    344.30    344.50    344.30
    250.00  10850.00    -41.10    999.90    999.90    999.90    270.00     89.00    344.80    999.90    344.80
    231.00  11371.00    -45.40    999.90    999.90    999.90    265.00     89.00    346.20    999.90    346.20
    200.00  12320.00    -53.10    999.90    999.90    999.90    250.00     93.00    348.50    999.90    348.50
    195.00  12478.00    -54.30    999.90    999.90    999.90    250.00     93.00    349.20    999.90    349.20
    150.00  14120.00    -66.30    999.90    999.90    999.90    275.00     86.00    355.70    999.90    355.70
    133.00  14823.00    -71.60    999.90    999.90    999.90    275.00     80.00    358.70    999.90    358.70
    113.00  15776.00    -78.70    999.90    999.90    999.90    280.00     80.00    362.50    999.90    362.50
    105.00  16193.00    -78.00    999.90    999.90    999.90    290.00     74.00    371.60    999.90    371.60
    102.00  16357.00    -77.70    999.90    999.90    999.90    290.00     68.00    375.20    999.90    375.20
    100.00  16470.00    -77.70    999.90    999.90    999.90    290.00     64.00    377.40    999.90    377.40
     83.00  17530.00    -79.40    999.90    999.90    999.90    290.00     39.00    394.60    999.90    394.60
     78.30  17861.00    -79.90    999.90    999.90    999.90    258.00     41.00    400.10    999.90    400.10
     75.60  18061.00    -76.70    999.90    999.90    999.90    239.00     42.00    410.80    999.90    410.80
     73.00  18261.00    -78.20    999.90    999.90    999.90    220.00     43.00    411.90    999.90    411.90
     70.00  18500.00    -79.90    999.90    999.90    999.90    225.00     45.00    413.10    999.90    413.10
     68.00  18663.00    -81.10    999.90    999.90    999.90    230.00     47.00    414.00    999.90    414.00
     59.40  19422.00    -80.70    999.90    999.90    999.90    263.00     41.00    431.20    999.90    431.20
     59.00  19461.00    -80.20    999.90    999.90    999.90    265.00     41.00    433.10    999.90    433.10
     53.00  20081.00    -72.80    999.90    999.90    999.90    290.00     35.00    463.70    999.90    463.70
     50.50  20361.00    -69.50    999.90    999.90    999.90    298.00     22.00    477.90    999.90    477.90
     50.00  20420.00    -69.50    999.90    999.90    999.90    300.00     19.00    479.30    999.90    479.30
     47.00  20796.00    -67.90    999.90    999.90    999.90    235.00     17.00    491.60    999.90    491.60
     37.00  22249.00    -61.90    999.90    999.90    999.90    270.00     29.00    542.00    999.90    542.00
     36.50  22332.00    -61.50    999.90    999.90    999.90    273.00     28.00    545.00    999.90    545.00
     31.00  23355.00    -57.50    999.90    999.90    999.90    315.00     19.00    581.80    999.90    581.80
     30.00  23560.00    -56.70    999.90    999.90    999.90    310.00     17.00    589.50    999.90    589.50
     29.00  23776.00    -55.40    999.90    999.90    999.90    295.00     16.00    598.80    999.90    598.80
     27.90  24021.00    -53.90    999.90    999.90    999.90    353.00     12.00    609.60    999.90    609.60
     26.00  24472.00    -53.90    999.90    999.90    999.90    100.00      6.00    621.90    999.90    621.90
     24.00  24984.00    -54.00    999.90    999.90    999.90    140.00     10.00    636.10    999.90    636.10
     23.00  25256.00    -54.00    999.90    999.90    999.90    130.00     16.00    643.90    999.90    643.90
     20.00  26150.00    -54.10    999.90    999.90    999.90    180.00     14.00    669.80    999.90    669.80
     18.50  26651.00    -53.10    999.90    999.90    999.90    209.00     20.00    688.00    999.90    688.00
     17.00  27201.00    -51.60    999.90    999.90    999.90    240.00     27.00    709.60    999.90    709.60
     15.00  28016.00    -49.40    999.90    999.90    999.90    285.00     16.00    742.80    999.90    742.80
     14.10  28419.00    -48.30    999.90    999.90    999.90    304.00     20.00    759.80    999.90    759.80
     13.00  28951.00    -49.50    999.90    999.90    999.90    330.00     25.00    773.30    999.90    773.30
     12.70  29105.00    -49.90    999.90    999.90    999.90    314.00     21.00    777.20    999.90    777.20
     12.00  29478.00    -49.00    999.90    999.90    999.90    275.00     12.00    793.30    999.90    793.30
     10.00  30680.00    -45.90    999.90    999.90    999.90    240.00     21.00    847.10    999.90    847.10
      8.00  32174.00    -43.60    999.90    999.90    999.90    310.00     35.00    912.10    999.90    912.10
      7.50  32606.00    -42.90    999.90    999.90    999.90    999.90    999.90    931.80    999.90    931.80
