 ***************************************
 PARAMETERS
 ***************************************
 1  C= 0.00000000
 2  C= 0.00000000
 3  C= 10.0000000
 4  C= 9.80599976
 5  C= 2500000.00
 6  C= 1004.50000
 7  C= 0.607999980
 8  C= 0.172413796
 9  C= 5.51724152E-05
 10  C= 1.16000700
 11  C= 500.000000
 12  C= 500.000000
 13  C= 500.000000
 14  C= 100.000000
 15  C= 15000.0000
 16  C= 0.00000000
 17  C= 23.4580002
 18  C= 0.400000006
 19  C= 120.949997
 20  C= 0.00000000
 21  C= 102000.000
 22  C= 1.00567472
 23  C= 3.14159274
 24  C= 1.99999995E-04
 25  C= 0.00000000
 26  C= 0.00000000
 27  C= 0.00000000
 28  C= 0.00000000
 29  C= 0.00000000
 30  C= 295.166138
 31  C= 1.00000000
 32  C= 0.00000000
 33  C= 0.00000000
 34  C= 0.00000000
 35  C= 0.00000000
 36  C= 333600.000
 37  C= 0.00000000
 38  C= 0.00000000
 39  C= 0.00000000
 40  C= 2.77777785E-04
 41  C= 6.00000000
 42  C= 1.15740741E-05
 43  C= 0.00000000
 44  C= 0.00000000
 45  C= 0.00000000
 46  C= 0.00000000
 47  C= 0.00000000
 48  C= 0.00000000
 49  C= 0.00000000
 50  C= 0.00000000
 51  C= 0.00000000
 52  C= 0.00000000
 53  C= 0.00000000
 54  C= 0.00000000
 55  C= 0.00000000
 56  C= 0.00000000
 57  C= 0.00000000
 58  C= 0.00000000
 59  C= 0.00000000
 60  C= 0.00000000
 61  C= 0.500000000
 62  C= 300.000000
 63  C= 0.00000000
 64  C= 100.000000
 65  C= 0.00000000
 66  C= 0.00000000
 67  C= 0.00000000
 68  C= 0.00000000
 69  C= 0.00000000
 70  C= 1.00000000
 71  C= 0.00000000
 72  C= 10800.0000
 73  C= 0.00000000
 74  C= 0.00000000
 75  C= 0.00000000
 76  C= 0.00000000
 77  C= 0.00000000
 78  C= 0.00000000
 79  C= 0.00000000
 80  C= 0.00000000
 1  IC= 8641
 2  IC= 0
 3  IC= 0
 4  IC= 0
 5  IC= 0
 6  IC= 0
 7  IC= 30
 8  IC= 360
 9  IC= 360
 10  IC= 0
 11  IC= 0
 12  IC= 0
 13  IC= 0
 14  IC= 3182073
 15  IC= 1
 16  IC= 1
 17  IC= 0
 18  IC= 120
 19  IC= 8640
 20  IC= 0
 21  IC= 0
 22  IC= 0
 23  IC= 12
 24  IC= 0
 25  IC= 1
 26  IC= 12
 27  IC= 36
 28  IC= 0
 29  IC= 0
 30  IC= 0
 31  IC= 0
 32  IC= 0
 33  IC= 0
 34  IC= 0
 35  IC= 0
 36  IC= 0
 37  IC= 0
 38  IC= 0
 39  IC= 0
 40  IC= 0
 41  IC= 0
 42  IC= 0
 43  IC= 0
 44  IC= 30
 45  IC= 0
 46  IC= 0
 47  IC= 0
 48  IC= 0
 49  IC= 0
 50  IC= 0
 51  IC= 999999
 52  IC= 1
 53  IC= 999999
 54  IC= 999999
 55  IC= 999999
 56  IC= 999999
 57  IC= 999999
 58  IC= 999999
 59  IC= 999999
 60  IC= 999999
 1  LC= F
 2  LC= F
 3  LC= F
 4  LC= F
 5  LC= F
 6  LC= F
 7  LC= F
 8  LC= F
 9  LC= F
 10  LC= F
 11  LC= F
 12  LC= F
 13  LC= F
 14  LC= F
 15  LC= F
 16  LC= F
 17  LC= F
 18  LC= F
 19  LC= F
 20  LC= T
 21  LC= F
 22  LC= F
 23  LC= F
 24  LC= F
 25  LC= F
 26  LC= F
 27  LC= F
 28  LC= F
 29  LC= F
 30  LC= T
 31  LC= F
 32  LC= F
 33  LC= F
 34  LC= F
 35  LC= F
 36  LC= F
 37  LC= F
 38  LC= F
 39  LC= F
 40  LC= F
 ***************************************
 I.C.
 ***************************************
 K, ZZ(K),ZT(K),FNZ(K),FNT(K)
 =======================================
  1       0.000       0.000       5.000       5.000
  2     100.000      50.000       5.000       5.000
  3     200.000     150.000       5.000       5.000
  4     300.000     250.000       5.000       5.000
  5     400.000     350.000       5.000       5.000
  6     500.000     450.000       5.000       5.000
  7     600.000     550.000       5.000       5.000
  8     700.000     650.000       5.000       5.000
  9     800.000     750.000       5.000       5.000
 10     900.000     850.000       5.000       5.000
 11    1000.000     950.000       5.000       5.000
 12    1100.000    1050.000       5.000       5.000
 13    1200.000    1150.000       5.000       5.000
 14    1300.000    1250.000       5.000       5.000
 15    1400.000    1350.000       5.000       5.000
 16    1500.000    1450.000       5.000       5.000
 17    1600.000    1550.000       5.000       5.000
 18    1700.000    1650.000       5.000       5.000
 19    1800.000    1750.000       5.000       5.000
 20    1900.000    1850.000       5.000       5.000
 21    2000.000    1950.000       5.000       5.000
 22    2100.000    2050.000       5.000       5.000
 23    2200.000    2150.000       5.000       5.000
 24    2300.000    2250.000       5.000       5.000
 25    2400.000    2350.000       5.000       5.000
 26    2500.000    2450.000       5.000       5.000
 27    2600.000    2550.000       5.000       5.000
 28    2700.000    2650.000       5.000       5.000
 29    2800.000    2750.000       5.000       5.000
 30    2900.000    2850.000       5.000       5.000
 31    3000.000    2950.000       5.000       5.000
 32    3100.000    3050.000       5.000       5.000
 33    3200.000    3150.000       5.000       5.000
 34    3300.000    3250.000       5.000       5.000
 35    3400.000    3350.000       5.000       5.000
 36    3500.000    3450.000       5.000       5.000
 37    3600.000    3550.000       5.000       5.000
 38    3700.000    3650.000       5.000       5.000
 39    3800.000    3750.000       5.000       5.000
 40    3900.000    3850.000       4.394       5.000
 41    4027.586    3960.345       4.531       3.919
 42    4182.759    4101.724       2.959       3.222
 43    4365.517    4270.689       2.544       2.736
 44    4575.862    4467.241       2.231       2.377
 45    4813.793    4691.379       1.986       2.101
 46    5079.311    4943.104       1.790       1.883
 47    5372.414    5222.414       1.629       1.706
 48    5693.104    5529.311       1.495       1.559
 49    6041.379    5863.793       1.381       1.436
 50    6417.241    6225.862       1.283       1.330
 51    6820.689    6615.517       1.198       1.239
 52    7251.724    7032.759       1.124       1.160
 53    7710.345    7477.586       1.058       1.090
 54    8196.552    7950.000       1.000       1.028
 55    8710.345    8450.000       0.948       0.973
 56    9251.725    8977.586       0.901       0.924
 57    9820.689    9532.759       0.858       0.879
 58   10417.241   10115.518       0.819       0.838
 59   11041.379   10725.862       0.784       0.801
 60   11693.104   11363.793       0.751       0.767

 