   4.2924912e+00
   5.5797725e+00
   8.3595673e+00
   1.1527868e+01
   1.4295596e+01
   1.6429330e+01
   1.7541509e+01
   1.7098776e+01
   1.5210565e+01
   1.2095052e+01
   8.3553568e+00
   5.2787091e+00
   4.6510252e+00
   5.8066943e+00
   8.0054824e+00
   1.1151350e+01
   1.4106399e+01
   1.6240853e+01
   1.7345600e+01
   1.6888418e+01
   1.5215639e+01
   1.1895249e+01
   7.7798247e+00
   4.9411469e+00
   4.5183969e+00
   5.9238261e+00
   7.9281041e+00
   1.1158115e+01
   1.4012654e+01
   1.6134313e+01
   1.7226698e+01
   1.6864739e+01
   1.5093540e+01
   1.1881565e+01
   8.0220381e+00
   5.0255558e+00
   4.0064648e+00
   5.1319660e+00
   7.6477623e+00
   1.1181577e+01
   1.4107226e+01
   1.6148802e+01
   1.7170794e+01
   1.6891265e+01
   1.4934844e+01
   1.2033412e+01
   8.5130788e+00
   5.4731621e+00
   4.4146893e+00
   4.8536163e+00
   7.7398359e+00
   1.1038456e+01
   1.4206624e+01
   1.6343194e+01
   1.7358111e+01
   1.6909093e+01
   1.5196207e+01
   1.2132305e+01
   8.5296168e+00
   5.5877284e+00
   4.3304716e+00
   5.0948227e+00
   8.0165513e+00
   1.1762051e+01
   1.4476279e+01
   1.6529947e+01
   1.7424109e+01
   1.7093636e+01
   1.5163946e+01
   1.2229797e+01
   7.9158587e+00
   5.7082571e+00
   4.0078015e+00
   4.9751879e+00
   7.8263935e+00
   1.0970671e+01
   1.3864394e+01
   1.6006811e+01
   1.7225969e+01
   1.6800445e+01
   1.5111826e+01
   1.2246735e+01
   7.7394856e+00
   5.1093841e+00
   4.3590772e+00
   5.4023763e+00
   7.5152931e+00
   1.1189557e+01
   1.4218093e+01
   1.6325030e+01
   1.7340256e+01
   1.6771907e+01
   1.5255050e+01
   1.1958882e+01
   7.9149672e+00
   5.2796370e+00
   3.8864656e+00
   5.2837980e+00
   7.7188236e+00
   1.0959579e+01
   1.3944082e+01
   1.6159696e+01
   1.7282250e+01
   1.7084916e+01
   1.5253137e+01
   1.2175871e+01
   8.4670103e+00
   5.2497984e+00
   4.4380926e+00
   5.4183991e+00
   7.8180923e+00
   1.1323144e+01
   1.4181975e+01
   1.6257241e+01
   1.7462083e+01
   1.7019064e+01
   1.5141166e+01
   1.1974394e+01
   7.7430982e+00
   4.9502598e+00
   3.9953939e+00
   5.0071369e+00
   7.4847337e+00
   1.1136036e+01
   1.4089927e+01
   1.6185617e+01
   1.7308974e+01
   1.6900779e+01
   1.5059258e+01
   1.2110469e+01
   8.2969906e+00
   5.4220430e+00
   4.3646768e+00
   5.7018171e+00
   7.6596891e+00
   1.1301725e+01
   1.4277737e+01
   1.6366303e+01
   1.7035624e+01
   1.6573637e+01
   1.4812389e+01
   1.1597461e+01
   7.9284539e+00
   5.1718180e+00
   4.2869645e+00
   5.0045055e+00
   7.6875404e+00
   1.1210366e+01
   1.3863118e+01
   1.6047479e+01
   1.7292981e+01
   1.6927432e+01
   1.5092747e+01
   1.2017600e+01
   8.4538094e+00
   5.8996144e+00
   5.1456309e+00
   5.7412897e+00
   8.0387972e+00
   1.1259583e+01
   1.4325868e+01
   1.6389162e+01
   1.7398169e+01
   1.6983476e+01
   1.5141981e+01
   1.2232268e+01
   8.0341596e+00
   5.3648461e+00
   4.3819212e+00
   5.6597686e+00
   7.8679844e+00
   1.1547614e+01
   1.4395303e+01
   1.6351147e+01
   1.7532622e+01
   1.7023403e+01
   1.5176266e+01
   1.1959387e+01
   8.4061238e+00
   5.5462032e+00
   4.4853044e+00
   5.4505347e+00
   7.7489336e+00
   1.1203678e+01
   1.4171471e+01
   1.6099747e+01
   1.7391894e+01
   1.7000013e+01
   1.5050179e+01
   1.1987827e+01
   8.0175188e+00
   4.6554582e+00
   4.1350479e+00
   4.8707948e+00
   7.4127760e+00
   1.1034951e+01
   1.3755683e+01
   1.6108762e+01
   1.7426602e+01
   1.6873067e+01
   1.5199001e+01
   1.1767563e+01
   8.1938996e+00
   4.6110428e+00
   4.1725268e+00
   5.0549106e+00
   7.7634089e+00
   1.0949073e+01
   1.3789273e+01
   1.6155232e+01
   1.7231483e+01
   1.6830269e+01
   1.5203038e+01
   1.2383166e+01
   8.0672995e+00
   4.9744198e+00
   4.1671069e+00
   5.3669001e+00
   7.7431919e+00
   1.1482505e+01
   1.4082438e+01
   1.6267067e+01
   1.7397912e+01
   1.7058330e+01
   1.5283247e+01
   1.2230005e+01
   7.7992659e+00
   5.1994559e+00
   4.6458370e+00
   5.1747191e+00
   8.2066022e+00
   1.1334134e+01
   1.4310602e+01
   1.6274477e+01
   1.7391519e+01
   1.6992492e+01
   1.5221282e+01
   1.1999989e+01
   7.8603328e+00
   4.8349211e+00
   4.8581602e+00
   5.4837414e+00
   8.0736773e+00
   1.1429845e+01
   1.4404494e+01
   1.6483326e+01
   1.7548767e+01
   1.6921625e+01
   1.5119889e+01
   1.2143582e+01
   7.9683677e+00
   5.4228448e+00
   4.0676171e+00
   5.0203124e+00
   8.0588612e+00
   1.1471556e+01
   1.4369563e+01
   1.6344230e+01
   1.7380758e+01
   1.6932946e+01
   1.5108567e+01
   1.2020938e+01
   8.2678188e+00
   5.4031792e+00
   4.4789500e+00
   4.9787439e+00
   7.8428818e+00
   1.0925266e+01
   1.4113932e+01
   1.6372754e+01
   1.7255425e+01
   1.6897939e+01
   1.5245878e+01
   1.2400400e+01
   8.5888430e+00
   5.7263604e+00
   4.2706792e+00
   5.4273234e+00
   8.1044855e+00
   1.1150849e+01
   1.4311293e+01
   1.6361309e+01
   1.7374641e+01
   1.6927587e+01
   1.5270493e+01
   1.2111692e+01
   8.3926361e+00
   5.1422638e+00
   4.2702787e+00
   5.2851689e+00
   7.9814033e+00
   1.1492640e+01
   1.4131946e+01
   1.6162163e+01
   1.7251898e+01
   1.7142982e+01
   1.5269411e+01
   1.2047836e+01
   8.4999725e+00
   5.9687247e+00
   5.1318176e+00
   6.0290902e+00
   8.4544279e+00
   1.1282645e+01
   1.4052264e+01
   1.6407666e+01
   1.7317808e+01
   1.7130551e+01
   1.5336204e+01
   1.2380287e+01
   8.4365933e+00
   5.1831495e+00
   4.2449516e+00
   5.4423690e+00
   7.8096356e+00
   1.1254228e+01
   1.4228351e+01
   1.6372025e+01
   1.7475745e+01
   1.6986407e+01
   1.5481549e+01
   1.2580374e+01
   8.3969664e+00
   4.9593888e+00
   4.6344891e+00
   5.5943127e+00
   7.8857192e+00
   1.1337545e+01
   1.4302768e+01
   1.6226317e+01
   1.7495744e+01
   1.7021358e+01
   1.5338845e+01
   1.2325290e+01
   8.4682663e+00
   5.4618493e+00
   3.9566381e+00
   4.5726429e+00
   7.9575176e+00
   1.1242481e+01
   1.4110362e+01
   1.6185924e+01
   1.7205138e+01
   1.6996569e+01
   1.5134910e+01
   1.2362088e+01
   8.4100628e+00
   4.5528665e+00
   4.3110639e+00
   5.4270161e+00
   8.3167143e+00
   1.1389728e+01
   1.4228535e+01
   1.6501894e+01
   1.7522294e+01
   1.7204777e+01
   1.5190670e+01
   1.2171951e+01
   8.6340576e+00
   5.4872320e+00
   4.5149185e+00
   5.1552086e+00
   8.0939500e+00
   1.1278614e+01
   1.4140866e+01
   1.6558108e+01
   1.7684442e+01
   1.7313029e+01
   1.5395340e+01
   1.2634069e+01
   8.3528003e+00
   5.6609984e+00
   5.3567430e+00
   5.3250553e+00
   7.8853988e+00
   1.1805804e+01
   1.4255980e+01
   1.6381349e+01
   1.7559357e+01
   1.7077287e+01
   1.5515878e+01
   1.2425442e+01
   8.1470209e+00
   5.4146252e+00
   4.0590691e+00
   5.0446951e+00
   7.7524962e+00
   1.1305567e+01
   1.4175666e+01
   1.6195228e+01
   1.7414483e+01
   1.7121433e+01
   1.5207164e+01
   1.2210281e+01
   8.1809681e+00
   4.9430166e+00
   4.4149328e+00
   6.0498055e+00
   7.8107151e+00
   1.1209760e+01
   1.4611285e+01
   1.6440245e+01
   1.7439174e+01
   1.7012485e+01
   1.5089087e+01
   1.2313872e+01
   8.6195136e+00
   5.7207154e+00
   4.1877947e+00
   6.4686451e+00
   8.2818452e+00
   1.1064446e+01
   1.4130941e+01
   1.6380367e+01
   1.7535484e+01
   1.7117474e+01
   1.5339618e+01
   1.2463190e+01
   7.8356076e+00
   5.3254011e+00
   4.2541267e+00
   5.1154535e+00
   8.0075041e+00
   1.1324763e+01
   1.4407283e+01
   1.6434713e+01
   1.7714777e+01
   1.7113745e+01
   1.5320077e+01
   1.2316168e+01
   8.5120141e+00
   5.7543678e+00
   4.3796813e+00
   5.8554206e+00
   7.7970810e+00
   1.1352486e+01
   1.4470138e+01
   1.6619997e+01
   1.7547820e+01
   1.7250365e+01
   1.5577748e+01
   1.2616736e+01
   8.5698268e+00
   5.3573874e+00
   4.7852151e+00
   5.8290961e+00
   8.5270560e+00
   1.1968055e+01
   1.4548021e+01
   1.6530682e+01
   1.7639330e+01
   1.7247558e+01
   1.5624787e+01
   1.2665889e+01
   8.7945753e+00
   5.3637220e+00
   4.8110895e+00
   5.7020212e+00
   7.8553598e+00
   1.1483357e+01
   1.4565901e+01
   1.6609281e+01
   1.7557410e+01
   1.7224714e+01
   1.5209498e+01
   1.2124461e+01
   8.4869513e+00
   6.5336055e+00
   4.1070713e+00
   5.7585768e+00
   8.2298313e+00
   1.1724218e+01
   1.4343552e+01
   1.6588981e+01
   1.7673395e+01
   1.7124081e+01
   1.5529436e+01
   1.2316495e+01
   8.3367037e+00
   5.8422255e+00
   4.6461539e+00
   6.0074605e+00
   8.1608118e+00
   1.1672343e+01
   1.4483223e+01
   1.6595093e+01
   1.7713249e+01
   1.7218396e+01
   1.5144057e+01
   1.2526286e+01
   8.1708578e+00
   5.4387442e+00
   4.8200814e+00
   5.2898846e+00
   8.2115472e+00
   1.1533382e+01
   1.4411471e+01
   1.6616254e+01
   1.7433416e+01
   1.7081636e+01
   1.5479458e+01
   1.2502631e+01
   8.5651584e+00
   5.6912122e+00
   4.3020040e+00
   5.8403171e+00
   8.0409661e+00
   1.1721912e+01
   1.4557403e+01
   1.6222134e+01
   1.7568396e+01
   1.6992250e+01
   1.5356505e+01
   1.2740076e+01
   8.5502531e+00
   5.9683871e+00
   5.3361638e+00
   5.9380517e+00
   8.4261149e+00
   1.1519424e+01
   1.4446381e+01
   1.6547672e+01
   1.7621887e+01
   1.7250483e+01
   1.5710960e+01
   1.2635909e+01
   8.3042905e+00
   5.2827441e+00
   4.4243359e+00
   5.0851557e+00
   8.0493233e+00
   1.1692187e+01
   1.4214386e+01
   1.6397376e+01
   1.7444340e+01
   1.7507246e+01
   1.5479969e+01
   1.2448631e+01
   8.3376826e+00
   4.9936032e+00
   4.8247707e+00
   5.8395713e+00
   8.0977954e+00
   1.1785336e+01
   1.4344315e+01
   1.6246083e+01
   1.7502120e+01
   1.7102838e+01
   1.5328898e+01
   1.2230048e+01
   8.4387454e+00
   5.0112719e+00
   4.3530267e+00
   5.5400086e+00
   8.4522469e+00
   1.1677682e+01
   1.4352654e+01
   1.6528986e+01
   1.7473901e+01
   1.7118350e+01
   1.5387590e+01
   1.2760983e+01
   8.5697394e+00
   5.4764590e+00
   5.0774151e+00
   5.5860949e+00
   7.8062656e+00
   1.1575391e+01
   1.4619131e+01
   1.6606813e+01
   1.7554712e+01
   1.7155564e+01
   1.5429296e+01
   1.2468068e+01
   8.4790587e+00
   5.3195198e+00
   4.9835774e+00
   5.2092591e+00
   7.9549148e+00
   1.1483378e+01
   1.4393149e+01
   1.6301749e+01
   1.7347714e+01
   1.7159311e+01
   1.5220040e+01
   1.2451812e+01
   8.3880793e+00
   5.1987697e+00
   3.8576119e+00
   5.1163487e+00
   8.0563386e+00
   1.1233413e+01
   1.4339097e+01
   1.6337132e+01
   1.7231494e+01
   1.6802810e+01
   1.5214015e+01
   1.2025949e+01
   7.6737377e+00
   5.2977356e+00
   3.9809542e+00
   4.7430543e+00
   7.8519224e+00
   1.1469841e+01
   1.4494827e+01
   1.6373130e+01
   1.7448313e+01
   1.7179531e+01
   1.5549806e+01
   1.2424156e+01
   8.3440235e+00
   5.9501648e+00
   4.8049842e+00
   5.6395340e+00
   7.7723290e+00
   1.1547332e+01
   1.4457007e+01
   1.6424668e+01
   1.7606993e+01
   1.7108892e+01
   1.5401334e+01
   1.2073727e+01
   7.7509752e+00
   5.4524387e+00
   4.7356043e+00
   5.9057608e+00
   8.4928795e+00
   1.1921142e+01
   1.4539703e+01
   1.6597766e+01
   1.7479840e+01
   1.7228192e+01
   1.5361132e+01
   1.2437144e+01
   8.2047995e+00
   5.7108897e+00
   3.9323072e+00
   5.4248606e+00
   7.9061776e+00
   1.1297205e+01
   1.4134298e+01
   1.6408376e+01
   1.7391631e+01
   1.7145575e+01
   1.5401534e+01
   1.2388838e+01
   8.7010425e+00
   5.3386832e+00
   5.0997935e+00
   5.4568415e+00
   7.4225851e+00
   1.1208339e+01
   1.4295915e+01
   1.6490431e+01
   1.7277782e+01
   1.7180638e+01
   1.5317578e+01
   1.2440343e+01
   8.0427304e+00
   5.1022463e+00
   4.2446933e+00
   5.0176079e+00
   7.6751990e+00
   1.1028247e+01
   1.3881750e+01
   1.6179334e+01
   1.7269352e+01
   1.6676864e+01
   1.4823854e+01
   1.1859223e+01
   7.9159952e+00
   5.1635391e+00
   4.2492149e+00
   5.3240525e+00
   7.8161901e+00
   1.1225924e+01
   1.4228530e+01
   1.6536310e+01
   1.7286930e+01
   1.7124177e+01
   1.5338712e+01
   1.2222759e+01
   8.4738589e+00
   5.9441737e+00
   5.2686322e+00
   5.8873544e+00
   8.2123116e+00
   1.1524615e+01
   1.4476209e+01
   1.6380867e+01
   1.7527221e+01
   1.7040700e+01
   1.5141797e+01
   1.2220526e+01
   8.3916010e+00
   5.6616259e+00
   4.7817887e+00
   5.6043144e+00
   8.4521533e+00
   1.1635276e+01
   1.4247487e+01
   1.6587931e+01
   1.7548731e+01
   1.7082721e+01
   1.5328992e+01
   1.2024094e+01
   8.1020780e+00
   5.4981330e+00
   4.6103723e+00
   6.1067044e+00
   7.3415490e+00
   1.1181965e+01
   1.4030907e+01
   1.6560235e+01
   1.7339910e+01
   1.7071927e+01
   1.5311398e+01
   1.2229888e+01
   8.1059203e+00
   5.9707184e+00
   4.6757612e+00
   5.8637421e+00
   8.3548148e+00
   1.1630316e+01
   1.4432557e+01
   1.6534623e+01
   1.7442091e+01
   1.7036884e+01
   1.5257811e+01
   1.2106607e+01
   8.3804975e+00
   5.3342583e+00
   4.7877960e+00
   5.9340561e+00
   8.3770143e+00
   1.1597859e+01
   1.4334457e+01
   1.6298852e+01
   1.7459818e+01
   1.7054617e+01
   1.5300771e+01
   1.2424881e+01
   8.4953266e+00
   5.6779994e+00
   4.6047285e+00
   6.2494809e+00
   7.9340580e+00
   1.1350419e+01
   1.4145968e+01
   1.6246414e+01
   1.7562791e+01
   1.7193789e+01
   1.5464989e+01
   1.2831388e+01
   8.7562696e+00
   5.5352928e+00
   4.5358857e+00
   5.3510359e+00
   7.6833326e+00
   1.1147062e+01
   1.4247374e+01
   1.6219691e+01
   1.7319959e+01
   1.6876065e+01
   1.5044950e+01
   1.1827896e+01
   8.1376976e+00
   5.1505714e+00
   4.5828571e+00
   5.1878116e+00
   8.0315594e+00
   1.1062048e+01
   1.4263954e+01
   1.6343508e+01
   1.7250005e+01
   1.6848835e+01
   1.5111601e+01
   1.2287373e+01
   8.1186113e+00
   5.4745545e+00
   4.3535562e+00
   5.4874052e+00
   8.0611549e+00
   1.1175549e+01
   1.4298349e+01
   1.6554354e+01
   1.7512501e+01
   1.7151496e+01
   1.5339490e+01
   1.2086459e+01
   8.1137549e+00
   5.1064822e+00
   4.2630505e+00
   5.0683948e+00
   8.0889745e+00
   1.1504576e+01
   1.4587075e+01
   1.6179087e+01
   1.7383709e+01
   1.6988908e+01
   1.5133080e+01
   1.2707812e+01
   8.3291280e+00
   5.5835987e+00
   4.1675325e+00
   5.4299351e+00
   8.7684033e+00
   1.1398667e+01
   1.4094225e+01
   1.6209387e+01
   1.7269983e+01
   1.6858315e+01
   1.5088354e+01
   1.2137392e+01
   8.0391103e+00
   5.0607532e+00
   3.7711034e+00
   4.8189652e+00
   7.9375357e+00
   1.1473714e+01
   1.4341128e+01
   1.6290840e+01
   1.7555140e+01
   1.7091932e+01
   1.5181565e+01
   1.2242381e+01
   8.6541761e+00
   5.8886872e+00
   4.5384160e+00
   5.9885695e+00
   7.9792498e+00
   1.1574982e+01
   1.4274742e+01
   1.6496716e+01
   1.7535128e+01
   1.7040817e+01
   1.5276631e+01
   1.2076200e+01
   8.2633090e+00
   5.1861816e+00
   4.5637679e+00
   5.1557206e+00
   7.8339985e+00
   1.1215516e+01
   1.4191040e+01
   1.6152025e+01
   1.7366394e+01
   1.6958791e+01
   1.5294201e+01
   1.2191903e+01
   8.4564730e+00
   5.5149784e+00
   3.6721844e+00
   4.8234654e+00
   7.9708063e+00
   1.1325281e+01
   1.4169873e+01
   1.6361681e+01
   1.7356863e+01
   1.6999604e+01
   1.4968172e+01
   1.2169583e+01
   8.0301273e+00
   5.5288281e+00
   4.7627084e+00
   6.1026938e+00
   8.6046616e+00
   1.1766489e+01
   1.4565669e+01
   1.6713873e+01
   1.7553667e+01
   1.7148351e+01
   1.5215333e+01
   1.2320928e+01
   8.2363617e+00
   5.6180157e+00
   3.9426116e+00
   4.9031943e+00
   8.0603285e+00
   1.1421783e+01
   1.4159864e+01
   1.6233393e+01
   1.7403680e+01
   1.6955192e+01
   1.4991232e+01
   1.1818322e+01
   7.9920005e+00
   5.1125189e+00
   4.6993675e+00
   5.6408529e+00
   8.2802895e+00
   1.1651472e+01
   1.4477975e+01
   1.6560827e+01
   1.7478931e+01
   1.6950161e+01
   1.5354533e+01
   1.2078362e+01
   8.0882152e+00
   5.3524673e+00
   4.5892115e+00
   5.2849568e+00
   7.4210591e+00
   1.1439421e+01
   1.4070542e+01
   1.6118621e+01
   1.7184596e+01
   1.6781977e+01
   1.5142306e+01
   1.1485223e+01
   7.8265672e+00
   5.2392131e+00
   4.1344055e+00
   5.6897004e+00
   8.5276954e+00
   1.1867760e+01
   1.4545764e+01
   1.6681154e+01
   1.7520449e+01
   1.7014815e+01
   1.5303094e+01
   1.2130392e+01
   8.7460492e+00
   5.5109363e+00
   4.5985174e+00
   5.7863518e+00
   8.3559794e+00
   1.1586474e+01
   1.4293002e+01
   1.6173703e+01
   1.7329095e+01
   1.6782212e+01
   1.5160263e+01
   1.2121128e+01
   8.4903394e+00
   5.4780489e+00
   4.4670116e+00
   5.2141661e+00
   8.2827545e+00
   1.1245561e+01
   1.4356432e+01
   1.6441399e+01
   1.7495508e+01
   1.7108824e+01
   1.5357687e+01
   1.2416396e+01
   8.5112050e+00
   6.2237599e+00
   4.6573445e+00
   5.8827731e+00
   8.1027312e+00
   1.1734685e+01
   1.4701118e+01
   1.6543299e+01
   1.7522804e+01
   1.7168050e+01
   1.5302953e+01
   1.2389775e+01
   8.6923720e+00
   5.6843191e+00
   5.5054822e+00
   6.3398217e+00
   8.8882300e+00
   1.1998355e+01
   1.4540924e+01
   1.6613266e+01
   1.7519563e+01
   1.7352532e+01
   1.5387469e+01
   1.2346950e+01
   8.5289139e+00
   6.2254908e+00
   4.3507698e+00
   5.6167852e+00
   7.9316584e+00
   1.1647319e+01
   1.4391466e+01
   1.6338788e+01
   1.7564322e+01
   1.7107358e+01
   1.5397956e+01
   1.2107943e+01
   8.0782114e+00
   5.9433565e+00
   5.2232564e+00
   6.1394568e+00
   8.5238359e+00
   1.1604805e+01
   1.4447094e+01
   1.6541579e+01
   1.7728660e+01
   1.7412411e+01
   1.5636869e+01
   1.2387296e+01
   9.0905430e+00
   5.7200278e+00
   4.6957665e+00
   5.4442287e+00
   8.3058509e+00
   1.1443381e+01
   1.4706103e+01
   1.6480724e+01
   1.7484503e+01
   1.7094454e+01
   1.5102732e+01
   1.2315218e+01
   8.0867064e+00
   4.9003640e+00
   4.7505404e+00
   5.1637833e+00
   8.2067982e+00
   1.1523177e+01
   1.4523893e+01
   1.6443507e+01
   1.7316900e+01
   1.7191185e+01
   1.5243679e+01
   1.2250369e+01
   8.3115143e+00
   5.6582649e+00
   5.0403428e+00
   6.0076871e+00
   8.4828399e+00
   1.1807187e+01
   1.4609848e+01
   1.6602489e+01
   1.7429953e+01
   1.7131570e+01
   1.5221821e+01
   1.2161255e+01
   8.2243575e+00
   5.5542714e+00
   4.8306645e+00
   6.3866544e+00
   8.0880781e+00
   1.1661389e+01
   1.4566946e+01
   1.6606225e+01
   1.7871146e+01
   1.7302808e+01
   1.5643542e+01
   1.2409459e+01
   8.3377564e+00
   6.1861908e+00
   5.1797080e+00
   5.8435548e+00
   8.6873912e+00
   1.1981320e+01
   1.4766308e+01
   1.6893122e+01
   1.7865135e+01
   1.7425768e+01
   1.5675450e+01
   1.2613555e+01
   8.5153749e+00
   6.1230303e+00
   4.5910323e+00
   5.9999481e+00
   8.5768358e+00
   1.1721421e+01
   1.4552225e+01
   1.6612011e+01
   1.7634093e+01
   1.7227094e+01
   1.5435310e+01
   1.2483818e+01
   8.3561016e+00
   5.9524015e+00
   4.9847122e+00
   6.0329463e+00
   9.5233653e+00
   1.2168270e+01
   1.4816049e+01
   1.6896127e+01
   1.7666886e+01
   1.7385487e+01
   1.5477968e+01
   1.2678070e+01
   8.9449566e+00
   5.9666273e+00
   4.9556228e+00
   6.2151905e+00
   8.4421894e+00
   1.2119396e+01
   1.4726203e+01
   1.7026099e+01
   1.7860593e+01
   1.7341812e+01
   1.5651929e+01
   1.2610981e+01
   8.6062964e+00
   5.6274465e+00
   5.2764568e+00
   6.1140868e+00
   8.6913041e+00
   1.1575349e+01
   1.4502057e+01
   1.6415394e+01
   1.7174260e+01
   1.6968515e+01
   1.4979439e+01
   1.2038108e+01
   8.0612709e+00
   5.8036704e+00
   5.0226890e+00
   6.0768375e+00
   8.7190946e+00
   1.1763117e+01
   1.4629660e+01
   1.6642188e+01
   1.7646874e+01
   1.7182246e+01
   1.5107002e+01
   1.2388380e+01
   8.0998524e+00
   5.8128203e+00
   4.8565981e+00
   5.2713187e+00
   8.6194394e+00
   1.2046254e+01
   1.4863248e+01
   1.6902342e+01
   1.7726352e+01
   1.7350386e+01
   1.5599970e+01
   1.2847464e+01
   8.9088770e+00
   5.8811795e+00
   5.4564867e+00
   6.8622392e+00
   8.7275086e+00
   1.2066193e+01
   1.4679484e+01
   1.7040781e+01
   1.7839354e+01
   1.7722972e+01
   1.5743895e+01
   1.2914559e+01
   8.9058705e+00
   5.8383407e+00
   4.6968129e+00
   6.1664781e+00
   8.2946000e+00
   1.1540852e+01
   1.4717146e+01
   1.6672200e+01
   1.7793937e+01
   1.7233004e+01
   1.5355745e+01
   1.2373476e+01
   8.6250436e+00
   5.9693491e+00
   5.0003958e+00
   6.1083122e+00
   8.7545387e+00
   1.1942711e+01
   1.4710686e+01
   1.6934210e+01
   1.7874815e+01
   1.7527678e+01
   1.5828223e+01
   1.2889871e+01
   8.8094739e+00
   6.0927979e+00
   5.1176368e+00
   6.8704509e+00
   8.8575454e+00
   1.2476609e+01
   1.5127218e+01
   1.7251363e+01
   1.8409346e+01
   1.7905198e+01
   1.5849944e+01
   1.2816604e+01
   8.6930290e+00
   6.3880265e+00
   5.3035085e+00
   6.9204056e+00
   8.3786454e+00
   1.2032592e+01
   1.4753488e+01
   1.6856923e+01
   1.7918632e+01
   1.7399194e+01
   1.5760669e+01
   1.2727006e+01
   8.8175071e+00
   6.5237757e+00
   4.8733668e+00
   6.5281305e+00
   9.0246407e+00
   1.2516087e+01
   1.4895354e+01
   1.6828914e+01
   1.7863768e+01
   1.7617064e+01
   1.5584624e+01
   1.2379659e+01
   8.3139026e+00
   5.6038948e+00
   5.1817206e+00
   6.0401574e+00
   9.0387068e+00
   1.2209200e+01
   1.5082685e+01
   1.6940537e+01
   1.8068553e+01
   1.7820908e+01
   1.5761241e+01
   1.2738554e+01
   9.3570855e+00
   6.1426852e+00
   5.6823491e+00
   6.8785289e+00
   9.3162421e+00
   1.2095777e+01
   1.4878190e+01
   1.7067856e+01
   1.8243369e+01
   1.7662740e+01
   1.5914695e+01
   1.2683661e+01
   9.0975711e+00
   5.8913539e+00
   5.6069088e+00
   6.1715126e+00
   8.6632671e+00
   1.2103116e+01
   1.5174450e+01
   1.7049590e+01
   1.8064632e+01
   1.7763334e+01
   1.5953760e+01
   1.3171315e+01
   8.9524876e+00
   6.6888301e+00
   5.3376321e+00
   6.6531785e+00
   9.0931650e+00
   1.2218268e+01
   1.4705590e+01
   1.6881239e+01
   1.7824345e+01
   1.7444189e+01
   1.5768220e+01
   1.2951769e+01
   9.3945296e+00
   5.8858930e+00
   5.4449253e+00
   6.0896044e+00
   9.1354720e+00
   1.2599962e+01
   1.5192087e+01
   1.7318001e+01
   1.8238534e+01
   1.7671427e+01
   1.6152779e+01
   1.3210484e+01
   9.5253902e+00
   6.3999014e+00
   5.0394802e+00
   6.4432587e+00
   8.9545222e+00
   1.2007105e+01
   1.4891264e+01
   1.7259866e+01
   1.8190565e+01
   1.7685450e+01
   1.5911808e+01
   1.3049586e+01
   8.9696862e+00
   6.6699935e+00
   6.1046321e+00
   6.4906305e+00
   9.1142649e+00
   1.2609223e+01
   1.5128039e+01
   1.6943340e+01
   1.7986421e+01
   1.7700580e+01
   1.5948651e+01
   1.3111293e+01
   9.1049340e+00
   6.2330891e+00
   4.7153299e+00
   5.9607822e+00
   9.5101103e+00
   1.2056236e+01
   1.4891303e+01
   1.6989298e+01
   1.8046850e+01
   1.7596911e+01
   1.5735339e+01
   1.3155673e+01
   9.2717941e+00
   6.0207590e+00
   5.3192779e+00
   6.2719338e+00
   8.7854177e+00
   1.2357972e+01
   1.4868991e+01
   1.6993416e+01
   1.7994094e+01
   1.7827441e+01
   1.6162172e+01
   1.2889739e+01
   9.0931038e+00
   5.9621692e+00
   5.3246711e+00
   6.4445668e+00
   9.3346080e+00
   1.2554865e+01
   1.5247202e+01
   1.7284489e+01
   1.8300337e+01
   1.7816211e+01
   1.5877331e+01
   1.3064452e+01
   9.5827107e+00
   6.0140529e+00
   5.0447830e+00
   5.9926302e+00
   8.8805982e+00
   1.2361696e+01
   1.4989718e+01
   1.7240264e+01
   1.8192556e+01
   1.7800755e+01
   1.6037262e+01
   1.3125429e+01
   8.8258064e+00
   6.3263514e+00
   4.9867840e+00
   5.9786821e+00
   8.7621287e+00
   1.2630142e+01
   1.5405483e+01
   1.7380426e+01
   1.8233508e+01
   1.7756481e+01
   1.6101511e+01
   1.3034246e+01
   9.2391999e+00
   5.7332807e+00
   5.3219699e+00
   6.4657155e+00
   8.8956991e+00
   1.2049705e+01
   1.5221300e+01
   1.7298624e+01
   1.8103222e+01
   1.7651321e+01
   1.5931437e+01
   1.2930397e+01
   9.4128168e+00
   6.2984122e+00
