Data Type/Direction:                       StormTracker/Ascending
File Format/Version:                       EOL Sounding Format/1.1
Project Name/Platform:                     unknown/StormTracker
Launch Site:                               unknown
Launch Location (lon,lat,alt):             120.37648216115468, 23.18604783884533, 111.98359586609637
UTC Launch Time (y,m,d,h,m,s):             2021, 04, 02, 10:59:59
Sonde Id/Sonde Type:                       unknown/StormTracker/
Reference Launch Data Source/Time:         unknown/unknown
System Operator/Comments:                  SOUNDING IN EOL FORMAT/
Post Processing Comments:                  AIQC_process_v2.1_L2; Created on 10 Dec 2021 08:43 UTC  
/
  Time   -- UTC  --   Press    Temp   Dewpt    RH     Uwind   Vwind   Wspd     Dir     dZ    GeoPoAlt     Lon         Lat      GPSAlt 
   sec   hh mm   ss     mb      C       C       %      m/s     m/s     m/s     deg     m/s       m        deg         deg         m   
-------- -- -- ----- ------- ------- ------- ------- ------- ------- ------- ------- ------- -------- ----------- ----------- --------
    0.00 10 59 59.00 1005.95   35.99   21.94   44.30   -0.40    0.30    0.49  126.63    0.00       83  120.376450   23.186030    83.18 
    3.39 11 00 02.39 1005.00   35.57   21.90   45.22   -3.14   -0.70    3.47   78.73    5.80       92  120.376482   23.186048   111.98 
    4.84 11 00 03.84 1004.00   35.38   21.79   45.40   -4.51   -0.60    4.60   83.76    5.78      101  120.376445   23.186043   119.20 
    6.97 11 00 05.97 1003.00   35.08   21.70   45.89    0.71   -3.25    3.33  337.04    5.48      110  120.376459   23.185980   126.65 
    8.51 11 00 07.50 1002.00   34.88   21.68   46.35   -0.47   -2.30    2.50  185.10    5.89      119  120.376460   23.185990   132.94 
    9.98 11 00 08.97 1001.00   34.69   21.66   46.79   -6.51   -1.87    6.80   73.33    6.13      128  120.376401   23.185970   140.62 
   11.26 11 00 10.25 1000.00   34.50   21.62   47.18   -2.63   -2.18    3.42   50.33    7.07      137  120.376355   23.185937   150.53 
   12.43 11 00 11.42  999.00   34.34   21.61   47.57   -0.84   -0.70    1.10   50.33    7.67      146  120.376336   23.185934   160.04 
   13.64 11 00 12.63  998.00   34.14   21.57   47.99   -1.32   -1.09    1.71   50.33    7.36      155  120.376317   23.185946   168.79 
   14.94 11 00 13.94  997.00   33.98   21.55   48.38   -1.22   -2.13    2.47   30.10    6.79      163  120.376310   23.185941   176.00 
   16.39 11 00 15.39  996.00   33.77   21.51   48.82   -2.14   -6.43    6.98   18.54    6.19      172  120.376298   23.185870   183.49 
   17.69 11 00 16.68  995.00   33.58   21.47   49.21   -4.82   -2.96    5.91   60.15    7.07      181  120.376246   23.185819   190.84 
   19.24 11 00 18.23  994.00   33.38   21.44   49.70   -4.01    3.52    5.33  131.80    5.37      190  120.376175   23.185837   198.96 
   20.83 11 00 19.83  993.00   33.16   21.43   50.25    0.28    2.27    2.45  184.80    5.67      199  120.376168   23.185852   207.00 
   22.58 11 00 21.58  992.00   32.97   21.46   50.88   -0.06   -5.26    5.38  152.29    5.30      208  120.376180   23.185787   215.89 
   23.98 11 00 22.97  991.00   32.80   21.43   51.29   -4.88   -0.65    5.00   82.00    6.69      217  120.376141   23.185760   223.92 
   25.43 11 00 24.42  990.00   32.63   21.40   51.69   -1.38   -1.24    2.08   59.63    6.31      226  120.376119   23.185741   232.82 
   26.87 11 00 25.86  989.00   32.49   21.39   52.06    2.44   -3.38    4.40  280.68    5.90      235  120.376147   23.185713   240.78 
   28.35 11 00 27.34  988.00   32.34   21.45   52.70    0.86   -2.53    2.85  213.46    6.04      244  120.376157   23.185680   248.41 
   29.84 11 00 28.83  987.00   32.18   21.44   53.15   -0.67   -4.37    4.42    8.59    6.16      253  120.376142   23.185626   256.87 
   31.20 11 00 30.20  986.00   32.03   21.42   53.56   -4.04   -1.34    4.54   71.28    6.63      262  120.376102   23.185592   265.85 
   32.74 11 00 31.74  985.00   31.88   21.41   53.95   -3.55    1.58    3.89  114.41    5.17      271  120.376040   23.185615   274.81 
   34.34 11 00 33.34  984.00   31.74   21.41   54.40   -0.90    0.43    0.99  115.78    5.81      280  120.376013   23.185617   285.78 
   35.82 11 00 34.81  983.00   31.58   21.42   54.93   -2.22   -2.95    4.03   46.41    6.19      289  120.375984   23.185586   295.38 
   37.54 11 00 36.53  982.00   31.42   21.41   55.41   -1.99   -4.10    4.60   24.96    5.38      298  120.375955   23.185519   305.00 
   39.55 11 00 38.55  981.00   31.24   21.41   55.97    0.83   -5.37    5.55  192.04    3.82      307  120.375966   23.185432   312.27 
   41.78 11 00 40.78  980.00   31.04   21.39   56.53    2.16   -3.81    4.44  326.61    5.95      316  120.376006   23.185352   320.97 
   43.93 11 00 42.93  979.00   30.85   21.40   57.18    0.78   -0.72    1.06  312.57    3.64      325  120.376039   23.185340   329.88 
   46.08 11 00 45.07  978.00   30.66   21.38   57.72    2.60   -2.98    3.96  318.46    3.81      334  120.376072   23.185296   336.08 
   47.94 11 00 46.94  977.00   30.52   21.38   58.18    1.02   -5.29    5.41  349.14    5.04      343  120.376109   23.185203   346.37 
   49.55 11 00 48.54  976.00   30.36   21.35   58.61    0.36   -2.30    2.33  351.02    5.71      352  120.376105   23.185149   358.14 
   51.26 11 00 50.25  975.00   30.21   21.31   58.98    0.19   -1.18    1.19  351.02    5.02      361  120.376100   23.185137   367.09 
   53.00 11 00 52.00  974.00   30.09   21.28   59.30    0.92   -1.54    1.79  329.21    4.73      370  120.376110   23.185120   375.90 
   54.43 11 00 53.43  973.00   29.94   21.26   59.73    0.98   -2.37    2.59  335.82    6.16      378  120.376120   23.185091   384.17 
   56.17 11 00 55.17  972.00   29.81   21.24   60.13    0.07   -4.55    4.60   61.35    4.92      387  120.376113   23.185031   393.63 
   58.10 11 00 57.09  971.00   29.68   21.23   60.52    1.94   -3.97    4.42  333.80    4.87      396  120.376162   23.184947   403.39 
   59.72 11 00 58.72  970.00   29.56   21.21   60.84    2.39   -2.37    3.40  316.03    5.43      405  120.376202   23.184913   410.91 
   61.95 11 01 00.94  969.00   29.45   21.20   61.19    2.28   -3.18    3.92  324.24    4.80      414  120.376259   23.184861   419.82 
   63.86 11 01 02.86  968.00   29.35   21.18   61.49   -0.33   -5.48    5.54   52.87    4.93      424  120.376241   23.184768   429.93 
   66.02 11 01 05.02  967.00   29.22   21.14   61.80   -0.36   -4.78    4.79    4.36    4.08      433  120.376230   23.184669   441.30 
   67.90 11 01 06.89  966.00   29.10   21.12   62.18   -0.30   -3.62    3.63    4.90    5.23      442  120.376221   23.184603   451.84 
   69.20 11 01 08.19  965.00   29.01   21.11   62.42   -0.63   -1.76    1.89   20.07    7.04      451  120.376202   23.184576   461.44 
   70.74 11 01 09.73  964.00   28.89   21.05   62.65    3.31   -2.70    4.54  225.25    6.11      460  120.376240   23.184538   472.36 
   72.29 11 01 11.29  963.00   28.80   21.05   62.96    4.22   -4.45    6.21  316.82    5.75      469  120.376299   23.184488   480.98 
   73.85 11 01 12.84  962.00   28.70   21.03   63.27    1.79   -3.66    4.08  334.11    5.74      478  120.376337   23.184426   491.05 
   75.27 11 01 14.26  961.00   28.60   21.01   63.55    1.87   -2.85    3.42  326.53    6.37      487  120.376355   23.184392   501.52 
   76.78 11 01 15.77  960.00   28.50   20.99   63.86    0.94   -3.41    3.57  344.89    6.41      496  120.376370   23.184347   511.94 
   78.10 11 01 17.10  959.00   28.39   20.96   64.12    0.20   -2.09    2.13  354.33    6.85      505  120.376371   23.184318   520.49 
   79.49 11 01 18.48  958.00   28.29   20.93   64.40    1.47   -1.45    2.08  314.54    6.45      514  120.376395   23.184295   528.57 
   81.15 11 01 20.15  957.00   28.20   20.92   64.72    2.65   -0.45    2.73  279.49    5.21      523  120.376433   23.184292   536.59 
   82.39 11 01 21.39  956.00   28.10   20.87   64.88    2.53    0.46    2.59  259.84    7.37      532  120.376458   23.184300   545.96 
   83.64 11 01 22.64  955.00   28.02   20.86   65.13    2.45   -0.87    2.69  288.61    7.13      541  120.376489   23.184294   555.23 
   85.17 11 01 24.17  954.00   27.94   20.83   65.32    1.91   -1.91    2.76  314.71    5.77      550  120.376522   23.184257   565.95 
   86.39 11 01 25.39  953.00   27.88   20.82   65.48    0.75   -2.46    2.59  343.91    7.51      559  120.376534   23.184232   575.44 
   87.48 11 01 26.48  952.00   27.80   20.79   65.70    1.67   -3.03    3.55  337.28    8.40      569  120.376550   23.184205   583.83 
   88.65 11 01 27.65  951.00   27.72   20.77   65.93    2.55   -3.81    4.59  326.42    7.61      578  120.376573   23.184164   592.20 
   90.17 11 01 29.16  950.00   27.64   20.77   66.22    1.95   -6.60    6.89  343.57    5.77      587  120.376602   23.184080   600.45 
   91.93 11 01 30.92  949.00   27.56   20.76   66.49    0.81   -6.68    6.73  353.10    4.81      596  120.376619   23.183974   607.14 
   93.63 11 01 32.62  948.00   27.47   20.72   66.66    2.04   -6.40    6.74  342.64    5.73      605  120.376643   23.183872   614.82 
   95.00 11 01 34.00  947.00   27.43   20.71   66.80    2.67   -6.61    7.13  337.99    6.87      614  120.376680   23.183790   623.59 
   96.50 11 01 35.49  946.00   27.33   20.66   67.00    3.71   -6.54    7.54  330.46    6.47      623  120.376725   23.183700   633.73 
   97.79 11 01 36.79  945.00   27.24   20.63   67.18    4.50   -5.27    6.94  319.35    6.90      632  120.376772   23.183638   642.72 
   99.14 11 01 38.14  944.00   27.14   20.56   67.31    4.88   -5.36    7.26  317.53    6.77      642  120.376836   23.183574   653.28 
  100.40 11 01 39.40  943.00   27.05   20.53   67.52    4.50   -3.30    5.60  305.43    7.23      651  120.376886   23.183532   661.95 
  101.82 11 01 40.82  942.00   26.96   20.50   67.78    1.81   -0.95    2.05  297.47    6.18      660  120.376935   23.183512   671.25 
  103.61 11 01 42.61  941.00   26.87   20.50   68.12    3.08   -0.88    3.22  285.27    5.83      669  120.376978   23.183494   681.71 
  104.87 11 01 43.86  940.00   26.79   20.50   68.46    2.86   -1.59    3.28  299.25    7.33      678  120.377007   23.183481   690.46 
  106.39 11 01 45.39  939.00   26.67   20.48   68.88    2.61   -2.32    3.53  310.02    6.02      687  120.377052   23.183458   700.90 
  107.73 11 01 46.73  938.00   26.58   20.41   68.93    2.84   -2.37    3.72  309.16    6.74      696  120.377085   23.183433   711.35 
  108.99 11 01 47.98  937.00   26.48   20.29   68.80    2.21   -1.92    2.93  311.05    7.49      706  120.377120   23.183410   720.33 
  110.50 11 01 49.50  936.00   26.38   20.24   69.00    3.19   -1.77    3.67  298.03    6.29      715  120.377170   23.183375   730.95 
  111.87 11 01 50.87  935.00   26.30   20.22   69.27    2.43   -0.97    2.62  291.73    6.58      724  120.377197   23.183370   739.74 
  113.82 11 01 52.82  934.00   26.20   20.28   69.91    3.00   -1.25    3.25  292.41    7.82      733  120.377252   23.183360   749.91 
  115.48 11 01 54.47  933.00   26.12   20.30   70.32    3.25   -1.46    3.57  293.78   16.00      742  120.377296   23.183341   757.74 
  117.13 11 01 56.13  932.00   26.05   20.32   70.73    3.51   -1.67    3.89  295.15   24.18      752  120.377340   23.183322   765.57 
  118.79 11 01 57.78  931.00   25.97   20.34   71.15    3.76   -1.88    4.20  296.52   32.36      761  120.377384   23.183302   773.40 
  120.41 11 01 59.40  930.00   25.87   20.35   71.62    4.91   -1.99    5.30  292.35    5.49      770  120.377460   23.183272   782.51 
  122.27 11 02 01.26  929.00   25.78   20.37   72.08    2.88   -1.68    3.34  300.17    5.19      779  120.377525   23.183225   792.72 
  123.94 11 02 02.93  928.00   25.66   20.35   72.49    3.11   -2.85    4.22  312.49    5.22      788  120.377568   23.183191   801.66 
  125.43 11 02 04.43  927.00   25.57   20.32   72.76    2.80   -2.42    3.74  310.69    8.00      797  120.377616   23.183163   809.41 
  126.87 11 02 05.86  926.00   25.48   20.28   72.95    3.19   -1.72    3.71  298.33   14.29      807  120.377668   23.183139   822.20 
  128.34 11 02 07.33  925.00   25.40   20.24   73.17    3.72   -1.22    3.92  288.24   14.70      816  120.377724   23.183117   834.11 
  129.99 11 02 08.98  924.00   25.30   20.22   73.50    3.74   -1.11    3.90  286.50    5.45      825  120.377770   23.183100   844.58 
  131.92 11 02 10.92  923.00   25.20   20.19   73.78    1.74   -0.51    1.81  286.49    4.61      834  120.377808   23.183118   851.02 
  134.64 11 02 13.64  922.00   25.12   20.13   73.90    3.30   -0.41    3.35  277.81    3.19      844  120.377866   23.183146   857.94 
  140.82 11 02 19.82  921.00   24.97   20.20   74.88    3.12    3.59    4.76  221.08    1.82      853  120.378055   23.183275   866.44 
  143.64 11 02 22.64  920.00   24.87   20.17   75.16    3.32    2.10    4.02  237.39    3.98      862  120.378136   23.183336   871.90 
  146.33 11 02 25.32  919.00   24.74   20.11   75.47    5.47   -3.30    6.42  300.82    2.87      871  120.378276   23.183297   882.08 
  149.08 11 02 28.08  918.00   24.60   20.07   75.92    3.25   -2.79    4.29  310.63    3.41      880  120.378402   23.183208   890.51 
  151.21 11 02 30.21  917.00   24.47   20.03   76.32    3.40   -3.34    4.77  314.46    4.21      889  120.378466   23.183154   897.80 
  154.50 11 02 33.49  916.00   24.32   19.43   74.20    1.25   -1.57    2.01  321.55    2.22      898  120.378545   23.183080   909.27 
  157.26 11 02 36.25  915.00   24.25   17.73   66.96    2.54   -1.98    3.22  307.87    3.41      908  120.378585   23.183047   918.93 
  160.04 11 02 39.04  914.00   24.24   16.90   63.58    2.05   -1.65    2.64  308.63    3.37      917  120.378620   23.183009   929.50 
  162.39 11 02 41.38  913.00   24.24   16.51   62.07    1.30   -1.80    2.22  324.24    4.59      927  120.378640   23.182956   941.45 
  164.26 11 02 43.25  912.00   24.24   16.29   61.20    1.06   -1.48    1.82  324.24    5.52      936  120.378647   23.182927   950.48 
  165.83 11 02 44.82  911.00   24.24   16.13   60.57    0.89   -1.24    1.52  324.24    5.83      946  120.378648   23.182912   957.48 
  167.81 11 02 46.80  910.00   24.27   15.99   59.94    0.89   -1.24    1.52  324.24    4.38      955  120.378678   23.182884   964.71 
  169.48 11 02 48.47  909.00   24.28   15.94   59.70    1.82   -1.97    2.69  319.16    6.05      965  120.378714   23.182870   973.36 
  171.20 11 02 50.20  908.00   24.28   15.91   59.56    3.41   -2.25    4.08  303.48    5.15      975  120.378768   23.182838   983.35 
  173.26 11 02 52.25  907.00   24.31   15.83   59.17    1.75   -1.13    2.09  302.91    5.16      984  120.378833   23.182817   990.61 
  174.89 11 02 53.88  906.00   24.32   15.77   58.92    2.10   -1.32    2.48  302.21    6.11      994  120.378858   23.182792   998.29 
  176.54 11 02 55.53  905.00   24.32   15.69   58.59    1.57   -0.99    1.86  302.21    5.86     1004  120.378839   23.182775  1007.75 
  178.02 11 02 57.02  904.00   24.31   15.57   58.20    2.13   -1.34    2.52  302.21    6.68     1013  120.378820   23.182750  1016.19 
  179.51 11 02 58.50  903.00   24.32   15.48   57.85    2.02   -1.27    2.39  302.21    6.43     1023  120.378790   23.182730  1024.55 
  181.41 11 03 00.40  902.00   24.31   15.32   57.28    0.90   -0.57    1.06  302.21    4.48     1032  120.378780   23.182700  1035.59 
  183.89 11 03 02.89  901.00   24.32   15.21   56.81    1.54   -0.97    1.83  302.21    4.25     1042  120.378789   23.182681  1046.99 
  186.86 11 03 05.86  900.00   24.36   14.97   55.84    1.16   -2.57    2.86  333.72    3.65     1052  120.378810   23.182624  1056.59 
  189.65 11 03 08.65  899.00   24.39   14.89   55.43    1.03   -2.63    2.83  338.74    3.76     1062  120.378773   23.182550  1067.02 
  191.70 11 03 10.70  898.00   24.38   14.82   55.23    0.85   -2.20    2.36  338.74    8.85     1071  120.378753   23.182514  1076.27 
  194.33 11 03 13.32  897.00   24.39   14.80   55.10    0.66   -1.69    1.81  338.74    2.92     1081  120.378740   23.182477  1087.22 
  196.88 11 03 15.88  896.00   24.40   14.75   54.91    0.36   -0.93    1.00  338.74    4.06     1091  120.378730   23.182451  1096.64 
  199.50 11 03 18.49  895.00   24.41   14.72   54.75    0.63   -1.63    1.75  338.74   11.33     1101  120.378710   23.182425  1107.39 
  202.20 11 03 21.19  894.00   24.42   14.68   54.60    0.93   -2.38    2.56  338.74   15.37     1110  120.378688   23.182396  1118.22 
  205.19 11 03 24.19  893.00   24.42   14.58   54.26   -0.21   -1.74    1.75    7.01    6.48     1120  120.378670   23.182338  1128.28 
  207.61 11 03 26.60  892.00   24.42   14.43   53.72   -0.19   -1.54    1.56    7.01    4.02     1130  120.378674   23.182308  1137.47 
  210.17 11 03 29.16  891.00   24.40   14.15   52.84   -0.31   -2.16    2.19    7.60    4.78     1139  120.378678   23.182268  1149.52 
  212.23 11 03 31.23  890.00   24.37   13.89   52.04   -0.87   -2.63    2.82   14.99   13.04     1149  120.378647   23.182237  1156.89 
  214.30 11 03 33.29  889.00   24.34   13.63   51.25   -1.43   -3.10    3.45   22.39   21.31     1159  120.378616   23.182206  1164.26 
  216.55 11 03 35.54  888.00   24.32   13.33   50.33   -2.56   -3.62    4.46   34.70   14.41     1169  120.378568   23.182164  1173.11 
  219.07 11 03 38.06  887.00   24.30   13.09   49.59   -1.85   -1.97    2.70   43.25    4.07     1178  120.378509   23.182089  1183.45 
  221.45 11 03 40.44  886.00   24.26   13.00   49.44   -1.76   -1.87    2.57   43.25    4.21     1188  120.378467   23.182041  1193.28 
  223.73 11 03 42.72  885.00   24.22   13.07   49.76   -2.73   -1.58    3.16   59.29    7.81     1198  120.378398   23.182013  1203.18 
  226.63 11 03 45.63  884.00   24.19   12.98   49.57   -3.44   -1.64    3.81   64.37    2.85     1207  120.378311   23.181977  1216.88 
  229.80 11 03 48.80  883.00   24.17   12.79   49.02   -3.26   -1.15    3.46   70.65    3.23     1217  120.378206   23.181950  1226.39 
  232.66 11 03 51.66  882.00   24.11   12.67   48.80   -2.11   -0.61    2.20   73.88    3.42     1227  120.378147   23.181923  1235.38 
  235.27 11 03 54.27  881.00   24.08   12.61   48.67   -2.11   -0.50    2.18   76.24    4.02     1237  120.378115   23.181900  1242.80 
  237.57 11 03 56.57  880.00   24.05   12.37   48.03   -3.24   -0.03    3.24   89.09    3.88     1246  120.378057   23.181900  1251.96 
  241.05 11 04 00.04  879.00   24.02   12.17   47.50   -1.73    0.01    1.73   90.32    2.85     1256  120.377959   23.181890  1260.76 
  244.21 11 04 03.20  878.00   23.98   12.03   47.18   -2.25    0.01    2.25   90.32    3.54     1266  120.377896   23.181898  1269.51 
  246.61 11 04 05.60  877.00   23.93   11.91   46.94   -2.09    0.01    2.09   90.32    3.37     1275  120.377848   23.181880  1279.11 
  249.94 11 04 08.94  876.00   23.91   11.91   46.99   -1.78    0.01    1.78   90.32    3.06     1285  120.377791   23.181831  1290.88 
  253.39 11 04 12.39  875.00   23.87   11.80   46.76   -1.57    0.01    1.57   90.32    2.85     1295  120.377756   23.181790  1301.68 
  257.32 11 04 16.31  874.00   23.84   11.72   46.60   -1.31    0.01    1.31   90.32    2.87     1305  120.377697   23.181787  1312.95 
  259.81 11 04 18.80  873.00   23.81   11.66   46.50   -0.30    0.00    0.30   90.32    4.10     1315  120.377682   23.181780  1320.48 
  262.73 11 04 21.72  872.00   23.76   11.56   46.33   -0.58    0.00    0.58   90.32    3.06     1324  120.377663   23.181800  1333.31 
  265.79 11 04 24.78  871.00   23.74   11.47   46.12   -1.38    0.01    1.38   90.32    2.82     1334  120.377670   23.181818  1342.48 
  269.33 11 04 28.32  870.00   23.71   11.41   46.00   -1.16    0.01    1.16   90.32    2.75     1344  120.377683   23.181843  1351.66 
  273.04 11 04 32.03  869.00   23.68   11.24   45.59   -0.54    0.00    0.54   90.32    2.79     1354  120.377700   23.181870  1362.20 
  276.41 11 04 35.41  868.00   23.68   11.01   44.88   -1.18    0.01    1.18   90.32    3.37     1364  120.377720   23.181904  1370.91 
  279.32 11 04 38.31  867.00   23.66   10.67   43.94   -0.72    0.00    0.72   90.32    3.01     1374  120.377720   23.181920  1380.37 
  282.59 11 04 41.59  866.00   23.66   10.35   43.00   -1.36    0.01    1.36   90.32    3.30     1384  120.377698   23.181936  1389.30 
  285.82 11 04 44.82  865.00   23.67    9.95   41.85   -1.12    0.32    1.16  106.04    2.84     1394  120.377660   23.181968  1399.46 
  288.77 11 04 47.76  864.00   23.66    9.69   41.15   -1.23    0.35    1.28  106.04    3.39     1404  120.377660   23.182008  1410.74 
  291.87 11 04 50.86  863.00   23.69    9.69   41.09   -1.61    0.46    1.67  106.04    3.62     1414  120.377679   23.182010  1419.71 
  295.11 11 04 54.11  862.00   23.69    9.65   40.98   -0.99    0.28    1.03  106.04    3.36     1424  120.377700   23.182041  1432.44 
  298.50 11 04 57.49  861.00   23.70    9.44   40.35   -2.43    0.70    2.53  106.04    3.15     1434  120.377710   23.182105  1442.79 
  302.35 11 05 01.34  860.00   23.74    9.66   40.87   -0.52    0.63    0.82  140.48    2.81     1445  120.377690   23.182160  1452.90 
  305.93 11 05 04.92  859.00   23.76    9.83   41.30   -0.50    0.61    0.79  140.48    3.30     1455  120.377700   23.182161  1460.91 
  309.51 11 05 08.51  858.00   23.77    9.86   41.35   -0.64    0.78    1.01  140.48    2.97     1465  120.377680   23.182165  1469.71 
  312.94 11 05 11.94  857.00   23.76   10.49   43.17   -1.29    1.57    2.03  140.48    3.29     1475  120.377660   23.182199  1480.47 
  316.39 11 05 15.38  856.00   23.75   12.06   47.91   -1.37    1.65    2.15  140.47    3.08     1485  120.377636   23.182258  1490.92 
  320.00 11 05 19.00  855.00   23.74   12.06   47.93   -1.37    1.61    2.11  139.40    7.75     1495  120.377583   23.182310  1501.30 
  323.53 11 05 22.53  854.00   23.73   11.56   46.40   -1.29    1.46    1.94  138.45   16.06     1506  120.377536   23.182363  1512.34 
  326.83 11 05 25.83  853.00   23.69   10.60   43.67   -0.54    0.60    0.81  138.33    3.54     1515  120.377492   23.182378  1522.14 
  329.61 11 05 28.61  852.00   23.65   10.10   42.32   -1.46    2.53    2.93  149.84    3.83     1525  120.377458   23.182428  1532.28 
  332.18 11 05 31.17  851.00   23.62   10.27   42.89   -0.88    2.12    2.30  157.52    4.45     1536  120.377440   23.182485  1542.80 
  334.60 11 05 33.59  850.00   23.57   10.27   43.00   -1.45    2.04    2.51  144.46    3.96     1546  120.377414   23.182532  1553.17 
  337.06 11 05 36.06  849.00   23.54    9.77   41.68   -1.25    1.39    1.87  138.25    4.40     1556  120.377369   23.182561  1562.57 
  339.74 11 05 38.74  848.00   23.52    9.44   40.80   -0.73    0.58    0.93  128.75    4.29     1566  120.377330   23.182580  1572.14 
  342.01 11 05 41.00  847.00   23.51    9.21   40.20   -1.67    1.35    2.15  128.98    4.34     1576  120.377330   23.182610  1581.68 
  344.46 11 05 43.46  846.00   23.51    9.06   39.81   -0.23    2.66    2.70  173.47    4.18     1586  120.377340   23.182669  1591.62 
  347.07 11 05 46.07  845.00   23.51    8.98   39.59    0.68    3.17    3.24  192.12    3.72     1596  120.377359   23.182731  1602.21 
  349.48 11 05 48.47  844.00   23.49    8.89   39.40    0.11    1.83    1.83  183.46    4.22     1607  120.377345   23.182780  1611.81 
  352.08 11 05 51.07  843.00   23.48    8.84   39.29    0.12    1.97    1.97  183.46    4.30     1617  120.377351   23.182822  1621.31 
  354.54 11 05 53.53  842.00   23.47    8.80   39.20    0.09    1.47    1.47  183.46    3.30     1627  120.377365   23.182855  1633.42 
  357.80 11 05 56.80  841.00   23.46    8.75   39.10   -0.12    2.14    2.14  176.68    3.53     1637  120.377372   23.182908  1644.47 
  361.21 11 06 00.20  840.00   23.46    8.76   39.12   -0.14    2.37    2.37  176.50    2.93     1648  120.377360   23.182984  1654.78 
  363.70 11 06 02.70  839.00   23.44    8.80   39.30   -0.07    1.19    1.19  176.50    4.07     1658  120.377377   23.183017  1665.34 
  366.61 11 06 05.61  838.00   23.42    8.86   39.50   -0.16    2.56    2.57  176.50    3.40     1668  120.377412   23.183036  1676.11 
  368.82 11 06 07.82  837.00   23.39    8.87   39.60    1.25    2.43    2.73  207.23    3.69     1678  120.377456   23.183068  1686.10 
  371.70 11 06 10.70  836.00   23.36    8.92   39.80    1.77    2.23    2.85  218.54    3.75     1689  120.377531   23.183114  1698.33 
  374.24 11 06 13.23  835.00   23.30    8.92   39.92    1.64    2.05    2.62  218.54    3.87     1699  120.377572   23.183155  1707.40 
  376.67 11 06 15.67  834.00   23.26    9.01   40.27    1.74    2.19    2.79  218.54    4.47     1709  120.377613   23.183203  1719.37 
  378.67 11 06 17.67  833.00   23.18    8.97   40.37    1.90    2.50    3.14  217.21    5.09     1719  120.377630   23.183250  1729.09 
  380.86 11 06 19.85  832.00   23.10    8.98   40.59    2.27    3.28    3.99  214.70    4.01     1729  120.377657   23.183316  1741.69 
  383.29 11 06 22.29  831.00   23.06    8.96   40.63    1.88    2.52    3.15  216.79    4.59     1739  120.377699   23.183383  1750.24 
  385.67 11 06 24.66  830.00   22.98    8.95   40.80    1.98    2.64    3.30  216.79    3.59     1749  120.377753   23.183430  1761.19 
  388.31 11 06 27.30  829.00   22.92    8.94   40.93    1.45    2.22    2.66  213.72    4.08     1759  120.377783   23.183486  1772.25 
  390.09 11 06 29.08  828.00   22.87    8.92   41.01    1.16    2.95    3.18  201.43    6.31     1769  120.377790   23.183533  1780.70 
  392.03 11 06 31.03  827.00   22.76    8.90   41.20    0.28    2.56    2.58  186.20    4.34     1779  120.377801   23.183581  1792.12 
  394.27 11 06 33.26  826.00   22.69    8.87   41.30    1.87    3.31    3.80  209.49    3.79     1789  120.377845   23.183638  1802.63 
  396.82 11 06 35.82  825.00   22.63    8.85   41.40    2.95    5.38    6.13  208.78    3.41     1799  120.377915   23.183731  1814.61 
  399.90 11 06 38.89  824.00   22.56    8.86   41.59    2.73    2.69    3.84  225.68    2.72     1809  120.378017   23.183818  1824.03 
  402.77 11 06 41.77  823.00   22.51    8.85   41.70    2.42    1.85    3.04  232.63    3.72     1819  120.378105   23.183865  1834.73 
  405.49 11 06 44.49  822.00   22.43    8.83   41.85    3.04    2.64    4.03  228.99    3.99     1830  120.378165   23.183925  1843.60 
  408.48 11 06 47.47  821.00   22.38    8.82   41.95    3.91    3.23    5.07  230.54    3.20     1840  120.378279   23.184004  1856.01 
  411.50 11 06 50.50  820.00   22.32    8.79   42.00    4.57    2.49    5.22  241.67    3.25     1850  120.378415   23.184080  1866.33 
  414.57 11 06 53.56  819.00   22.27    8.74   42.00    4.06    1.30    4.27  252.30    2.89     1860  120.378543   23.184116  1874.66 
  418.03 11 06 57.03  818.00   22.21    8.72   42.10    3.62    2.62    4.47  234.11    3.05     1870  120.378661   23.184191  1883.48 
  421.23 11 07 00.23  817.00   22.15    8.70   42.20    3.20    3.20    4.53  224.90    4.02     1881  120.378747   23.184297  1895.98 
  423.46 11 07 02.45  816.00   22.08    8.64   42.20    4.04    3.15    5.12  232.06    4.56     1891  120.378838   23.184354  1907.46 
  425.47 11 07 04.46  815.00   21.98    8.60   42.35    4.66    2.96    5.52  237.63    5.01     1901  120.378923   23.184409  1916.47 
  427.49 11 07 06.49  814.00   21.89    8.57   42.50    5.37    2.36    5.87  246.27    5.00     1911  120.379035   23.184450  1925.79 
  429.93 11 07 08.92  813.00   21.77    8.50   42.59    4.22    1.73    4.56  247.67    3.98     1921  120.379156   23.184480  1937.27 
  432.39 11 07 11.39  812.00   21.68    8.47   42.74    4.21    1.86    4.61  246.34    4.92     1931  120.379236   23.184534  1946.61 
  435.01 11 07 14.00  811.00   21.59    8.48   43.00    3.51    1.16    3.70  251.75    3.92     1941  120.379340   23.184560  1958.13 
  437.45 11 07 16.45  810.00   21.53    8.46   43.10    4.85    1.75    5.16  250.21    3.60     1951  120.379443   23.184599  1969.48 
  440.00 11 07 19.00  809.00   21.45    8.42   43.20    4.80    2.52    5.42  242.34    4.18     1961  120.379550   23.184660  1981.92 
  442.16 11 07 21.15  808.00   21.36    8.37   43.30    5.21    2.86    5.95  241.25    4.24     1971  120.379658   23.184713  1992.71 
  444.52 11 07 23.52  807.00   21.27    8.26   43.22    5.41    2.71    6.05  243.43    7.65     1981  120.379776   23.184768  2003.76 
  446.90 11 07 25.90  806.00   21.17    8.04   42.82    5.19    2.35    5.70  245.65    3.74     1991  120.379905   23.184818  2014.11 
  449.60 11 07 28.60  805.00   21.07    7.84   42.54    5.97    2.27    6.39  249.09    3.78     2001  120.380060   23.184872  2024.49 
  452.19 11 07 31.18  804.00   20.98    7.64   42.18    4.91    1.35    5.09  254.59    3.31     2011  120.380199   23.184902  2035.30 
  454.74 11 07 33.74  803.00   20.92    7.50   41.93    5.75    2.23    6.18  248.98    4.25     2022  120.380327   23.184935  2044.87 
  457.43 11 07 36.43  802.00   20.83    7.37   41.80    5.61    2.79    6.26  243.58    3.72     2032  120.380462   23.184999  2056.40 
  460.02 11 07 39.01  801.00   20.72    7.28   41.80    5.12    2.62    5.75  242.91    4.06     2042  120.380591   23.185060  2066.13 
  462.95 11 07 41.95  800.00   20.65    7.21   41.80    5.08    1.25    5.23  256.22    2.89     2052  120.380757   23.185110  2077.27 
  466.09 11 07 45.08  799.00   20.60    7.09   41.59    5.66    1.55    5.87  254.68    2.89     2063  120.380934   23.185162  2089.61 
  468.84 11 07 47.83  798.00   20.52    6.96   41.40    5.44    1.95    5.78  250.28    2.63     2073  120.381072   23.185217  2100.43 
  472.20 11 07 51.20  797.00   20.46    6.90   41.40    6.63    2.94    7.26  246.06    3.00     2083  120.381274   23.185296  2110.65 
  475.56 11 07 54.55  796.00   20.40    6.82   41.30    5.30    1.33    5.47  255.97    3.21     2094  120.381488   23.185366  2120.59 
  478.90 11 07 57.90  795.00   20.38    6.79   41.29    4.92    0.54    4.95  263.70    3.31     2104  120.381655   23.185380  2130.62 
  482.59 11 08 01.58  794.00   20.32    6.71   41.20    5.52    1.99    5.88  250.48    2.92     2115  120.381825   23.185428  2141.31 
  486.07 11 08 05.06  793.00   20.27    6.66   41.20    5.53    1.27    5.67  257.02    2.87     2125  120.382024   23.185481  2149.81 
  488.67 11 08 07.66  792.00   20.18    6.61   41.30    5.65    1.28    5.79  257.21   12.61     2135  120.382171   23.185505  2159.51 
  491.27 11 08 10.27  791.00   20.09    6.56   41.39    5.78    1.29    5.92  257.40   22.35     2146  120.382317   23.185529  2169.20 
  493.87 11 08 12.87  790.00   20.00    6.52   41.48    5.90    1.30    6.04  257.58   32.08     2156  120.382464   23.185553  2178.89 
  496.47 11 08 15.47  789.00   19.91    6.47   41.57    6.03    1.30    6.17  257.77   41.82     2166  120.382611   23.185577  2188.58 
  499.07 11 08 18.07  788.00   19.82    6.42   41.67    6.16    1.31    6.29  257.95   51.56     2176  120.382758   23.185601  2198.27 
  501.71 11 08 20.70  787.00   19.73    6.38   41.77    6.45    1.36    6.59  258.13    3.97     2186  120.382929   23.185637  2207.25 
  504.49 11 08 23.48  786.00   19.65    6.34   41.90    7.47    0.95    7.56  262.68    3.87     2197  120.383139   23.185655  2218.18 
  507.23 11 08 26.23  785.00   19.54    6.32   42.12    6.23    1.39    6.38  257.43    3.84     2207  120.383292   23.185702  2231.56 
  510.02 11 08 29.02  784.00   19.46    6.28   42.20    4.02    1.94    4.46  244.25    2.80     2217  120.383421   23.185760  2245.95 
  513.29 11 08 32.29  783.00   19.36    6.27   42.43    5.72    1.48    5.91  255.48    2.66     2227  120.383590   23.185803  2255.62 
  516.32 11 08 35.31  782.00   19.29    6.27   42.60    6.39    1.31    6.53  258.33    3.35     2238  120.383799   23.185830  2264.55 
  519.16 11 08 38.15  781.00   19.22    6.23   42.70    5.90    0.47    5.91  265.40    4.32     2248  120.383968   23.185850  2275.46 
  522.51 11 08 41.50  780.00   19.14    6.20   42.80    6.18    1.05    6.27  260.38    3.41     2259  120.384150   23.185865  2285.68 
  525.85 11 08 44.84  779.00   19.05    6.11   42.80    5.07    1.27    5.23  255.97    2.82     2269  120.384332   23.185897  2297.39 
  529.20 11 08 48.19  778.00   18.98    6.05   42.80    5.64    1.14    5.75  258.61    3.09     2279  120.384502   23.185934  2307.95 
  532.64 11 08 51.64  777.00   18.91    6.02   42.90    6.03    2.16    6.41  250.35    3.51     2290  120.384692   23.185993  2317.93 
  535.70 11 08 54.70  776.00   18.84    5.92   42.80    4.97    1.81    5.29  249.91    3.07     2300  120.384845   23.186054  2331.19 
  538.91 11 08 57.91  775.00   18.72    5.85   42.90    4.86    1.27    5.03  255.33    3.80     2310  120.385016   23.186088  2341.14 
  542.36 11 09 01.36  774.00   18.67    5.87   43.10    5.04    1.25    5.19  256.09    2.78     2321  120.385182   23.186124  2351.64 
  545.45 11 09 04.45  773.00   18.59    5.80   43.10    5.10    0.83    5.16  260.76    3.11     2331  120.385333   23.186155  2361.21 
  548.59 11 09 07.59  772.00   18.51    5.75   43.16    4.94    0.97    5.04  258.92    3.65     2342  120.385490   23.186180  2373.13 
  551.34 11 09 10.34  771.00   18.42    5.71   43.30    5.13    0.81    5.19  261.04    3.83     2352  120.385630   23.186193  2384.21 
  553.91 11 09 12.91  770.00   18.32    5.59   43.20    3.94    1.04    4.08  255.14    3.96     2363  120.385727   23.186229  2394.37 
  557.13 11 09 16.13  769.00   18.24    5.41   42.87    4.41    1.14    4.56  255.54    3.35     2373  120.385865   23.186261  2404.36 
  560.04 11 09 19.03  768.00   18.16    5.17   42.40    3.86    0.68    3.92  260.01    7.19     2383  120.385981   23.186290  2413.39 
  563.16 11 09 22.15  767.00   18.09    5.01   42.08    4.39    0.40    4.41  264.84    3.57     2394  120.386116   23.186300  2427.28 
  566.26 11 09 25.26  766.00   18.03    4.59   41.02    3.89    0.23    3.90  266.53    3.32     2405  120.386240   23.186300  2437.38 
  569.52 11 09 28.51  765.00   17.96    4.20   40.10    3.01    0.11    3.02  267.93    3.54     2415  120.386350   23.186315  2444.69 
  572.47 11 09 31.46  764.00   17.92    3.91   39.41    2.93    0.57    2.99  259.10    3.33     2426  120.386434   23.186330  2454.96 
  575.17 11 09 34.17  763.00   17.82    3.71   39.08    3.38    0.69    3.45  258.42    3.63     2436  120.386527   23.186332  2466.35 
  578.00 11 09 36.99  762.00   17.74    3.57   38.90    2.72    0.30    2.74  263.68    3.65     2447  120.386610   23.186350  2476.72 
  581.10 11 09 40.09  761.00   17.67    3.44   38.73    2.99    0.18    2.99  266.65    3.67     2457  120.386673   23.186350  2489.91 
  584.18 11 09 43.18  760.00   17.58    2.47   36.35    3.24    0.67    3.31  258.31    3.94     2468  120.386767   23.186364  2503.59 
  587.33 11 09 46.33  759.00   17.50    1.61   34.37    3.89    0.98    4.02  255.69    5.17     2478  120.386873   23.186407  2512.39 
  590.75 11 09 49.74  758.00   17.43    0.87   32.73    3.22    0.28    3.23  265.04    3.49     2489  120.386982   23.186417  2522.30 
  594.13 11 09 53.12  757.00   17.38    0.12   31.12    3.83    0.91    3.94  256.64    3.20     2500  120.387104   23.186460  2533.51 
  597.42 11 09 56.42  756.00   17.33   -1.03   28.70    3.05    1.13    3.26  249.60    3.39     2511  120.387208   23.186478  2544.36 
  600.60 11 09 59.59  755.00   17.28   -1.79   27.22    2.72    1.84    3.29  235.76    5.19     2522  120.387268   23.186542  2556.58 
  604.04 11 10 03.03  754.00   17.25   -2.19   26.49    3.44    1.95    3.96  240.50    3.07     2533  120.387361   23.186590  2568.30 
  607.20 11 10 06.20  753.00   17.20   -2.57   25.84    2.22    1.37    2.61  238.25    3.24     2543  120.387464   23.186632  2579.47 
  610.24 11 10 09.24  752.00   17.15   -3.03   25.05    2.48    1.23    2.77  243.69    3.15     2554  120.387545   23.186652  2588.39 
  613.46 11 10 12.46  751.00   17.11   -3.34   24.55    1.49    0.74    1.67  243.69    3.39     2565  120.387605   23.186670  2597.98 
  616.90 11 10 15.89  750.00   17.08   -3.55   24.21    2.50    1.24    2.79  243.69    2.64     2576  120.387658   23.186698  2610.23 
  619.39 11 10 18.39  749.00   17.04   -3.72   23.96    1.98    1.72    2.63  229.07    4.55     2587  120.387698   23.186758  2620.30 
  621.73 11 10 20.73  748.00   16.97   -3.91   23.73    1.69    1.47    2.24  229.07    4.52     2598  120.387745   23.186787  2631.55 
  624.41 11 10 23.40  747.00   16.88   -4.06   23.60    1.04    0.90    1.37  229.07    3.45     2609  120.387770   23.186814  2641.97 
  627.52 11 10 26.51  746.00   16.83   -4.15   23.52    1.79    1.55    2.37  229.07    5.85     2619  120.387813   23.186870  2652.67 
  630.72 11 10 29.72  745.00   16.77   -4.36   23.23   -1.05    3.54    4.15  174.12    3.71     2630  120.387853   23.186927  2665.09 
  633.69 11 10 32.68  744.00   16.71   -4.47   23.13   -0.87    1.71    1.92  153.15    4.10     2641  120.387864   23.186967  2676.13 
  636.65 11 10 35.65  743.00   16.66   -4.58   23.02   -0.79    1.56    1.75  153.15    6.30     2652  120.387888   23.187023  2689.32 
  639.88 11 10 38.88  742.00   16.61   -4.68   22.90   -0.67    1.59    1.73  157.19    3.72     2663  120.387880   23.187069  2698.76 
  643.34 11 10 42.33  741.00   16.56   -4.79   22.80   -0.42    2.21    2.25  169.25    3.09     2674  120.387897   23.187127  2712.66 
  646.67 11 10 45.67  740.00   16.52   -4.92   22.63   -0.07    3.30    3.30  178.78    3.58     2685  120.387890   23.187220  2721.51 
  650.07 11 10 49.06  739.00   16.47   -5.16   22.30   -0.16    3.42    3.43  177.27    6.56     2696  120.387890   23.187301  2731.63 
  653.52 11 10 52.52  738.00   16.39   -5.31   22.15   -0.11    2.37    2.37  177.27    3.23     2707  120.387900   23.187360  2742.45 
  656.57 11 10 55.57  737.00   16.34   -5.48   21.94   -0.62    2.58    2.66  166.49    3.68     2718  120.387890   23.187411  2752.89 
  659.91 11 10 58.90  736.00   16.26   -5.75   21.60   -0.01    2.62    2.62  179.68    3.29     2729  120.387909   23.187498  2762.95 
  662.92 11 11 01.91  735.00   16.18   -5.94   21.40   -0.01    2.15    2.15  179.68    4.30     2740  120.387929   23.187539  2775.03 
  666.14 11 11 05.14  734.00   16.12   -6.06   21.30   -0.01    2.48    2.48  179.68    3.71     2750  120.387939   23.187594  2788.91 
  669.64 11 11 08.63  733.00   16.03   -6.16   21.26   -0.89    3.05    3.18  163.60    4.52     2761  120.387897   23.187694  2799.73 
  672.95 11 11 11.94  732.00   15.95   -6.36   21.04   -0.78    2.44    2.56  162.07   13.86     2772  120.387880   23.187766  2811.69 
  676.01 11 11 15.01  731.00   15.85   -6.59   20.80   -0.92    2.69    2.84  161.12    3.87     2783  120.387882   23.187831  2822.93 
  679.41 11 11 18.40  730.00   15.78   -6.86   20.47   -0.87    2.68    2.82  161.89    6.86     2794  120.388144   23.188049  2870.52 
  682.83 11 11 21.82  729.00   15.69   -7.12   20.18   -0.59    2.96    3.03  168.34   14.18     2804  120.388093   23.188123  2887.56 
  686.25 11 11 25.25  728.00   15.62   -7.37   19.87   -0.16    3.48    3.48  177.36    3.23     2815  120.388030   23.188178  2896.52 
  689.84 11 11 28.83  727.00   15.51   -7.57   19.70    0.02    2.62    2.62  180.54    2.55     2826  120.387992   23.188258  2896.40 
  692.90 11 11 31.90  726.00   15.45   -7.75   19.51    0.15    3.09    3.09  182.77    4.18     2837  120.387989   23.188337  2899.29 
  696.42 11 11 35.42  725.00   15.35   -7.93   19.37    0.79    3.50    3.60  192.47    7.33     2848  120.388029   23.188429  2910.46 
  699.92 11 11 38.92  724.00   15.27   -8.22   19.05    0.97    3.57    3.73  194.67   17.85     2858  120.388077   23.188526  2920.13 
  703.43 11 11 42.42  723.00   15.20   -8.51   18.72    1.16    3.64    3.86  196.86   28.37     2869  120.388125   23.188623  2929.80 
  706.93 11 11 45.93  722.00   15.12   -8.80   18.40    1.35    3.71    3.99  199.06   38.89     2880  120.388172   23.188719  2939.47 
  710.43 11 11 49.43  721.00   15.05   -9.08   18.08    1.54    3.78    4.12  201.25   49.41     2891  120.388220   23.188816  2949.14 
  713.94 11 11 52.93  720.00   14.97   -9.37   17.76    1.72    3.85    4.25  203.45   59.93     2902  120.388268   23.188913  2958.81 
  717.44 11 11 56.44  719.00   14.90   -9.66   17.44    1.91    3.92    4.38  205.65   70.45     2913  120.388315   23.189009  2968.48 
  720.95 11 11 59.94  718.00   14.80   -9.97   17.11    2.10    4.05    4.56  207.38    6.83     2924  120.388378   23.189127  2984.17 
  723.72 11 12 02.71  717.00   14.72  -10.30   16.76    1.99    4.19    4.64  205.42    5.45     2935  120.388454   23.189209  2996.25 
  727.20 11 12 06.20  716.00   14.63  -10.91   16.06    3.27    3.73    4.96  221.39    2.68     2946  120.388556   23.189326  3008.42 
  730.60 11 12 09.59  715.00   14.57  -11.45   15.44    3.40    2.21    4.05  237.02    3.21     2957  120.388678   23.189408  3020.06 
  733.85 11 12 12.84  714.00   14.49  -12.02   14.83    2.99    3.52    4.62  220.30    3.93     2968  120.388784   23.189505  3031.69 
  736.71 11 12 15.70  713.00   14.41  -12.88   13.92    3.97    3.64    5.39  227.44    5.27     2979  120.388892   23.189591  3041.16 
  740.06 11 12 19.05  712.00   14.33  -14.17   12.58    4.75    3.38    5.83  234.57    2.07     2990  120.389043   23.189692  3053.79 
  743.32 11 12 22.31  711.00   14.26  -15.21   11.61    4.79    2.29    5.30  244.48    2.94     3001  120.389216   23.189766  3063.82 
  747.24 11 12 26.24  710.00   14.20  -16.10   10.83    4.52    2.74    5.31  238.88    4.37     3012  120.389410   23.189870  3076.10 
  750.67 11 12 29.66  709.00   14.14  -16.82   10.23    4.56    2.66    5.27  239.71    2.96     3023  120.389553   23.189953  3086.24 
  753.92 11 12 32.91  708.00   14.09  -17.09   10.04    4.20    2.69    5.01  236.89    6.03     3035  120.389711   23.190041  3097.97 
  757.02 11 12 36.01  707.00   14.02  -17.49    9.75    5.56    2.35    6.05  246.96    8.96     3046  120.389901   23.190125  3108.93 
  760.30 11 12 39.30  706.00   13.98  -18.16    9.24    4.11    1.43    4.35  250.81    5.94     3057  120.390075   23.190186  3119.02 
  763.48 11 12 42.48  705.00   13.93  -18.70    8.85    5.40    2.57    5.98  244.57    3.99     3069  120.390294   23.190285  3133.26 
  766.62 11 12 45.62  704.00   13.86  -19.17    8.54    5.82    2.64    6.39  245.62    4.03     3080  120.390474   23.190362  3144.18 
  769.54 11 12 48.53  703.00   13.79  -19.77    8.15    5.08    1.94    5.44  249.16    4.52     3091  120.390637   23.190415  3156.86 
  772.38 11 12 51.38  702.00   13.73  -19.89    8.10    4.02    0.99    4.14  256.28    3.56     3103  120.390765   23.190434  3170.31 
  775.43 11 12 54.42  701.00   13.70  -19.94    8.08    4.73    1.38    4.93  253.63    4.42     3114  120.390903   23.190474  3180.28 
  778.36 11 12 57.36  700.00   13.65  -20.29    7.86    4.77    0.96    4.86  258.63    3.76     3126  120.391058   23.190504  3191.67 
  781.43 11 13 00.42  699.00   13.59  -21.07    7.40    3.87    0.76    3.95  259.60   11.21     3137  120.391155   23.190530  3202.11 
  784.49 11 13 03.48  698.00   13.54  -21.91    6.89    2.93    0.38    2.95  262.86   20.86     3148  120.391236   23.190556  3212.28 
  787.72 11 13 06.71  697.00   13.53  -22.87    6.33    2.33    0.27    2.35  263.40    3.52     3160  120.391311   23.190560  3222.24 
  790.94 11 13 09.94  696.00   13.52  -23.50    6.00    3.32    0.28    3.33  265.16    6.78     3172  120.391384   23.190579  3232.65 
  793.89 11 13 12.89  695.00   13.49  -24.17    5.67    3.55    0.24    3.56  266.01   17.58     3184  120.391457   23.190609  3242.83 
  796.84 11 13 15.84  694.00   13.47  -24.85    5.35    3.79    0.20    3.80  266.86   28.38     3196  120.391531   23.190638  3253.00 
  799.79 11 13 18.79  693.00   13.44  -25.52    5.02    4.02    0.16    4.03  267.71   39.18     3208  120.391605   23.190668  3263.17 
  803.26 11 13 22.26  692.00   13.41  -26.10    4.77    2.52    0.43    2.56  260.38    4.16     3219  120.391740   23.190693  3279.28 
  806.32 11 13 25.32  691.00   13.38  -26.61    4.57    2.75    0.47    2.79  260.38    3.74     3231  120.391823   23.190746  3293.96 
  809.90 11 13 28.90  690.00   13.34  -26.80    4.50    2.40    1.33    2.76  241.68    2.89     3243  120.391878   23.190799  3306.32 
  813.46 11 13 32.45  689.00   13.34  -26.56    4.60    2.39    1.40    2.77  239.64    4.02     3255  120.391957   23.190845  3317.10 
  816.94 11 13 35.94  688.00   13.33  -26.55    4.61    2.49    1.46    2.88  239.64    3.92     3267  120.392019   23.190888  3328.54 
  820.55 11 13 39.54  687.00   13.31  -26.34    4.70    1.25    0.73    1.45  239.64    3.28     3279  120.392101   23.190970  3343.63 
  824.07 11 13 43.07  686.00   13.31  -26.36    4.69    2.47    1.45    2.86  239.64    6.28     3291  120.392161   23.190991  3360.08 
  827.43 11 13 46.43  685.00   13.30  -27.18    4.36    2.92    2.42    3.79  230.38    5.76     3303  120.392243   23.191069  3371.13 
  831.01 11 13 50.01  684.00   13.28  -27.85    4.10    2.03    2.12    2.93  223.82    3.13     3316  120.392310   23.191150  3384.62 
  834.32 11 13 53.32  683.00   13.26  -28.22    3.97    1.66    1.73    2.40  223.82    3.93     3328  120.392333   23.191216  3398.49 
  837.94 11 13 56.94  682.00   13.23  -28.70    3.80    2.09    2.11    2.97  224.64    3.10     3339  120.392379   23.191269  3409.83 
  841.53 11 14 00.53  681.00   13.20  -29.01    3.70    2.70    1.84    3.27  235.80    6.19     3351  120.392498   23.191341  3421.11 
  844.94 11 14 03.93  680.00   13.15  -28.50    3.89    2.14    1.42    2.57  236.54    3.37     3363  120.392569   23.191408  3433.01 
  848.62 11 14 07.62  679.00   13.13  -27.79    4.16    2.07    1.37    2.48  236.54    3.20     3375  120.392600   23.191489  3444.94 
  852.02 11 14 11.01  678.00   13.08  -27.23    4.40    2.01    1.33    2.40  236.54    3.28     3387  120.392620   23.191560  3457.01 
  855.37 11 14 14.36  677.00   13.03  -27.01    4.50    2.72    2.55    3.73  226.94    3.44     3399  120.392701   23.191621  3469.23 
  858.50 11 14 17.49  676.00   12.99  -27.05    4.50    2.51    2.72    3.70  222.65    3.73     3411  120.392800   23.191695  3480.69 
  861.79 11 14 20.78  675.00   12.91  -26.91    4.58    1.85    2.23    2.90  219.61    3.35     3422  120.392848   23.191776  3491.65 
  865.29 11 14 24.29  674.00   12.86  -25.92    5.03    1.76    2.17    2.80  219.08    3.47     3434  120.392906   23.191826  3505.38 
  868.53 11 14 27.52  673.00   12.80  -25.48    5.25    2.10    2.42    3.21  221.06    3.62     3446  120.392971   23.191881  3519.21 
  872.08 11 14 31.07  672.00   12.74  -23.38    6.38    2.19    2.09    3.03  226.40    5.24     3457  120.393036   23.191957  3530.16 
  875.12 11 14 34.11  671.00   12.68  -20.73    8.07    2.73    2.15    3.47  231.82    4.71     3469  120.393102   23.192002  3537.69 
  878.79 11 14 37.79  670.00   12.62  -18.46    9.84    4.22    2.91    5.13  235.23    3.58     3481  120.393232   23.192084  3547.24 
  882.21 11 14 41.20  669.00   12.57  -17.71   10.52    2.28    1.87    2.95  230.71    3.19     3493  120.393344   23.192152  3562.29 
  885.85 11 14 44.85  668.00   12.49  -17.55   10.71    2.67    2.14    3.42  231.24    3.64     3504  120.393446   23.192217  3575.70 
  889.29 11 14 48.28  667.00   12.43  -17.51   10.80    2.51    2.40    3.47  226.33    3.95     3516  120.393559   23.192273  3589.94 
  892.50 11 14 51.50  666.00   12.34  -17.47   10.90    3.33    1.74    3.76  242.49    4.10     3528  120.393670   23.192310  3604.17 
  895.42 11 14 54.41  665.00   12.25  -17.54   10.90    3.96    1.12    4.12  254.08    3.95     3539  120.393771   23.192334  3618.23 
  898.79 11 14 57.78  664.00   12.19  -17.58   10.90    4.42    0.56    4.46  262.83    4.40     3551  120.393939   23.192358  3634.00 
  901.73 11 15 00.73  663.00   12.11  -17.87   10.70    4.68    1.02    4.79  257.77    3.62     3562  120.394059   23.192377  3642.81 
  904.84 11 15 03.84  662.00   12.00  -17.66   10.97    5.20    2.26    5.67  246.57    3.32     3574  120.394202   23.192427  3654.16 
  907.70 11 15 06.69  661.00   11.93  -16.33   12.33    6.75    2.68    7.28  248.33    4.75     3586  120.394369   23.192501  3665.68 
  909.89 11 15 08.88  660.00   11.82  -14.86   14.02    8.20    1.97    8.44  256.47    5.70     3597  120.394531   23.192539  3678.96 
  912.52 11 15 11.52  659.00   11.73  -13.30   16.01    6.35    0.54    6.38  265.14    5.08     3608  120.394721   23.192555  3691.57 
  914.65 11 15 13.64  658.00   11.63  -12.55   17.12    5.73   -0.18    5.75  271.84    5.39     3620  120.394849   23.192560  3704.16 
  917.46 11 15 16.45  657.00   11.53  -11.95   18.09    5.78   -1.28    5.93  282.50    3.91     3631  120.395007   23.192545  3717.89 
  919.96 11 15 18.96  656.00   11.43  -11.63   18.69    5.73   -0.70    5.78  276.98    4.25     3643  120.395158   23.192520  3729.21 
  922.91 11 15 21.90  655.00   11.34  -11.31   19.28    5.26    0.12    5.27  268.69    3.86     3654  120.395324   23.192540  3741.24 
  926.59 11 15 25.59  654.00   11.25  -10.98   19.92    4.63    1.01    4.74  257.69    3.37     3666  120.395484   23.192576  3753.56 
  929.43 11 15 28.43  653.00   11.16   -9.72   22.13    5.47    0.68    5.51  262.90    3.91     3677  120.395626   23.192594  3764.01 
  932.56 11 15 31.55  652.00   11.07   -8.43   24.64    5.68    1.07    5.78  258.99    3.44     3689  120.395818   23.192631  3777.17 
  935.90 11 15 34.89  651.00   11.01   -7.70   26.16    4.88   -1.29    5.06  284.97    2.71     3701  120.396005   23.192603  3791.50 
  939.38 11 15 38.37  650.00   10.97   -7.09   27.51    5.71   -1.98    6.05  289.20    3.32     3713  120.396196   23.192522  3801.46 
  943.36 11 15 42.35  649.00   10.93   -6.72   28.37    6.70   -1.19    6.80  280.05    2.91     3726  120.396459   23.192466  3817.05 
  946.90 11 15 45.90  648.00   10.91   -6.59   28.69    7.52   -0.89    7.58  276.76    4.37     3738  120.396733   23.192431  3831.49 
  950.56 11 15 49.56  647.00   10.83   -5.69   30.96    7.11   -1.13    7.21  279.08   13.18     3750  120.396930   23.192400  3840.76 
  954.36 11 15 53.35  646.00   10.77   -4.61   33.69    6.98   -1.94    7.24  285.51    3.32     3762  120.397169   23.192353  3850.60 
  957.65 11 15 56.65  645.00   10.67   -3.79   36.06    6.75   -1.32    6.88  280.97    3.07     3773  120.397412   23.192320  3863.07 
  960.80 11 15 59.79  644.00   10.56   -3.40   37.42    7.40   -0.87    7.46  277.19   12.17     3785  120.397620   23.192320  3873.76 
  963.88 11 16 02.88  643.00   10.46   -3.05   38.65    8.36   -0.53    8.38  273.91   22.51     3797  120.397818   23.192320  3884.25 
  967.35 11 16 06.34  642.00   10.35   -2.82   39.57    8.55   -1.01    8.61  276.66    5.29     3808  120.398105   23.192293  3899.97 
  970.84 11 16 09.83  641.00   10.25   -2.77   39.98    7.93   -0.86    7.99  276.54    8.06     3820  120.398376   23.192255  3915.49 
  974.43 11 16 13.43  640.00   10.15   -2.75   40.34    6.28   -1.04    6.37  279.62   17.70     3831  120.398604   23.192225  3927.11 
  978.25 11 16 17.24  639.00   10.06   -2.72   40.65    6.62   -1.51    6.79  282.86    6.14     3843  120.398844   23.192187  3939.20 
  981.79 11 16 20.79  638.00    9.96   -2.77   40.77    6.80   -1.31    6.93  281.03   17.06     3855  120.399082   23.192177  3951.04 
  985.33 11 16 24.33  637.00    9.87   -2.81   40.90    6.97   -1.12    7.07  279.21   27.97     3866  120.399321   23.192167  3962.88 
  988.99 11 16 27.99  636.00    9.76   -2.84   41.10    6.58   -0.73    6.62  276.35    3.01     3878  120.399570   23.192170  3975.16 
  992.45 11 16 31.44  635.00    9.69   -2.84   41.30    5.25    0.14    5.26  268.63    3.13     3890  120.399761   23.192154  3989.51 
  995.29 11 16 34.28  634.00    9.57   -2.91   41.40    7.18    0.75    7.23  263.91    3.78     3902  120.399963   23.192180  4005.00 
  997.92 11 16 36.92  633.00    9.49   -2.96   41.49    7.55   -1.48    7.69  281.06    5.34     3914  120.400165   23.192171  4016.89 
 1001.11 11 16 40.11  632.00    9.37   -3.14   41.26    8.57   -2.12    8.85  283.58    6.80     3925  120.400464   23.192107  4032.33 
 1004.47 11 16 43.46  631.00    9.27   -3.27   41.15    7.71   -1.20    7.82  278.44   16.42     3937  120.400750   23.192068  4046.05 
 1008.30 11 16 47.29  630.00    9.14   -3.36   41.23    6.17   -0.36    6.18  273.20    3.13     3948  120.401016   23.192040  4059.29 
 1012.19 11 16 51.19  629.00    9.04   -3.37   41.50    9.80   -0.71    9.83  274.14    3.12     3960  120.401296   23.192058  4076.72 
 1015.82 11 16 54.82  628.00    8.94   -3.45   41.50    8.53   -0.91    8.58  276.27   13.45     3972  120.401605   23.192022  4087.02 
 1019.30 11 16 58.30  627.00    8.84   -3.54   41.50    7.15   -0.76    7.19  276.09    3.46     3983  120.401881   23.191990  4097.76 
 1023.15 11 17 02.15  626.00    8.75   -3.60   41.60    6.43   -0.09    6.43  270.83    3.50     3995  120.402138   23.191990  4109.32 
 1026.35 11 17 05.34  625.00    8.63   -3.70   41.60    7.13    0.07    7.13  269.69    7.65     4007  120.402379   23.191990  4123.12 
 1029.46 11 17 08.46  624.00    8.51   -3.81   41.60    8.50    0.43    8.51  267.22   16.94     4018  120.402678   23.191990  4137.93 
 1033.30 11 17 12.29  623.00    8.38   -3.90   41.70    8.15   -0.41    8.18  272.65    3.54     4030  120.403014   23.192000  4153.78 
 1036.51 11 17 15.51  622.00    8.23   -3.95   41.95    7.78    0.70    7.94  264.03    4.67     4041  120.403249   23.192011  4167.34 
 1039.51 11 17 18.50  621.00    8.10   -3.97   42.25    8.34   -2.44    8.69  286.48    7.66     4052  120.403491   23.191960  4182.68 
 1042.92 11 17 21.91  620.00    7.96   -3.99   42.59    6.90   -0.90    6.96  277.42    3.20     4063  120.403753   23.191949  4193.22 
 1046.21 11 17 25.21  619.00    7.84   -4.03   42.82    6.76    0.02    6.76  269.89    3.97     4075  120.403985   23.191950  4207.75 
 1049.35 11 17 28.34  618.00    7.69   -4.04   43.23    9.15    1.34    9.24  261.66    3.78     4086  120.404271   23.191987  4222.47 
 1052.57 11 17 31.57  617.00    7.57   -4.13   43.30    9.01    0.04    9.01  269.74    4.26     4098  120.404561   23.192010  4237.05 
 1056.47 11 17 35.47  616.00    7.46   -4.16   43.55    8.51   -0.19    8.52  271.34    2.79     4109  120.404892   23.191990  4248.58 
 1060.32 11 17 39.31  615.00    7.36   -4.16   43.83    7.15    0.67    7.19  264.65    3.99     4121  120.405185   23.192012  4261.53 
 1063.50 11 17 42.50  614.00    7.22   -4.18   44.15    7.42   -0.39    7.44  273.09    3.60     4133  120.405420   23.192010  4272.52 
 1066.52 11 17 45.52  613.00    7.10   -4.20   44.45    8.06   -0.27    8.07  271.92    4.52     4144  120.405652   23.192000  4285.29 
 1069.74 11 17 48.74  612.00    6.98   -4.22   44.77    7.31    0.44    7.34  266.20    3.91     4156  120.405922   23.191990  4298.95 
 1072.01 11 17 51.01  611.00    6.83   -4.32   44.90    7.07    0.00    7.07  270.00    5.16     4167  120.406081   23.192000  4310.47 
 1075.74 11 17 54.73  610.00    6.69   -4.37   45.17    8.81    2.79    9.25  252.42    3.32     4178  120.406389   23.192045  4323.33 
 1079.10 11 17 58.09  609.00    6.61   -4.40   45.31    8.43    1.96    8.66  256.88    3.01     4191  120.406708   23.192141  4336.88 
 1082.42 11 18 01.42  608.00    6.48   -4.45   45.54    8.46    1.47    8.59  260.12    3.53     4202  120.406994   23.192184  4350.17 
 1086.15 11 18 05.15  607.00    6.37   -4.42   46.02    9.23   -1.14    9.30  277.07    3.40     4214  120.407295   23.192190  4365.02 
 1090.75 11 18 09.75  606.00    6.25   -4.37   46.58    8.43    0.91    8.48  263.96    2.93     4226  120.407708   23.192208  4380.14 
 1094.57 11 18 13.56  605.00    6.16   -4.34   46.96    8.43    2.17    8.72  255.44    3.01     4238  120.408010   23.192281  4390.91 
 1097.88 11 18 16.87  604.00    6.03   -4.39   47.19    9.47    0.94    9.52  264.30    3.96     4250  120.408298   23.192310  4404.18 
 1102.29 11 18 21.28  603.00    5.96   -4.36   47.53    9.76    1.13    9.82  263.34    2.51     4262  120.408706   23.192303  4416.40 
 1106.21 11 18 25.21  602.00    5.85   -4.43   47.62    7.77    0.89    7.82  263.51    2.85     4274  120.409027   23.192352  4427.59 
 1110.07 11 18 29.07  601.00    5.73   -4.56   47.59    9.35    0.07    9.35  269.59    2.81     4286  120.409367   23.192400  4442.81 
 1113.18 11 18 32.17  600.00    5.59   -4.83   47.08    8.87   -0.38    8.88  272.46    4.30     4297  120.409664   23.192400  4458.13 
 1116.28 11 18 35.27  599.00    5.44   -4.98   47.00    8.55   -0.05    8.56  270.42    3.54     4309  120.409925   23.192390  4472.38 
 1119.51 11 18 38.50  598.00    5.32   -5.12   46.90   10.52    1.73   10.66  260.62    4.04     4320  120.410236   23.192440  4484.02 
 1122.08 11 18 41.07  597.00    5.22   -5.24   46.81    8.80    2.45    9.14  254.42    4.48     4332  120.410496   23.192512  4498.48 
 1125.53 11 18 44.52  596.00    5.10   -5.30   47.00    9.34    2.08    9.58  257.38    3.71     4344  120.410828   23.192571  4509.50 
 1129.09 11 18 48.09  595.00    5.00   -5.69   45.94    9.45    0.72    9.48  265.65    6.22     4356  120.411148   23.192630  4521.97 
 1132.21 11 18 51.20  594.00    4.89   -6.23   44.42    9.94    0.04    9.94  269.74    3.66     4368  120.411441   23.192628  4533.81 
 1135.40 11 18 54.40  593.00    4.81   -6.60   43.42    9.47   -1.64    9.62  279.82    3.38     4381  120.411780   23.192596  4547.73 
 1139.09 11 18 58.09  592.00    4.73   -6.84   42.88    7.81   -0.42    7.82  273.11    3.26     4393  120.412138   23.192590  4563.98 
 1142.79 11 19 01.79  591.00    4.64   -7.74   40.24    7.93    1.52    8.08  259.14    3.58     4406  120.412451   23.192628  4581.63 
 1146.19 11 19 05.18  590.00    4.52   -8.61   37.93    9.38   -0.73    9.42  274.44    2.68     4418  120.412767   23.192630  4599.77 
 1149.50 11 19 08.50  589.00    4.39   -9.04   37.00    9.65    0.68    9.68  265.97    3.13     4429  120.413060   23.192640  4612.61 
 1153.09 11 19 12.08  588.00    4.25   -9.37   36.43    9.19   -0.29    9.19  271.81    6.31     4441  120.413398   23.192638  4625.30 
 1156.02 11 19 15.01  587.00    4.13   -9.54   36.26    9.13   -0.46    9.15  272.90   16.76     4453  120.413662   23.192632  4636.00 
 1159.92 11 19 18.92  586.00    4.01   -9.56   36.50    9.98    0.18    9.99  269.05    6.29     4465  120.414024   23.192617  4651.73 
 1162.91 11 19 21.90  585.00    3.87   -9.69   36.50   10.91    0.44   10.92  267.75   16.01     4476  120.414328   23.192641  4663.72 
 1166.86 11 19 25.85  584.00    3.76   -9.99   35.91   10.07   -2.23   10.33  282.60    3.02     4489  120.414746   23.192633  4676.52 
 1170.37 11 19 29.36  583.00    3.70  -10.18   35.53    8.43    0.59    8.45  266.05    3.90     4502  120.415056   23.192614  4688.30 
 1174.22 11 19 33.21  582.00    3.61  -10.45   35.00    9.19   -0.27    9.21  271.61    3.19     4514  120.415392   23.192634  4704.79 
 1177.44 11 19 36.44  581.00    3.48  -10.68   34.69    9.20    0.33    9.23  267.73   11.39     4526  120.415666   23.192650  4716.63 
 1180.77 11 19 39.76  580.00    3.37  -10.93   34.26    9.63   -0.39    9.66  272.21   21.79     4538  120.415932   23.192650  4728.41 
 1183.68 11 19 42.67  579.00    3.26  -11.25   33.66   10.19   -1.48   10.30  278.23    4.22     4550  120.416198   23.192616  4742.52 
 1186.42 11 19 45.41  578.00    3.11  -11.55   33.22    9.87   -1.32    9.96  277.64    3.87     4562  120.416458   23.192576  4754.97 
 1189.87 11 19 48.86  577.00    3.00  -11.80   32.83    8.27   -1.85    8.48  282.67    6.29     4574  120.416764   23.192523  4768.34 
 1193.27 11 19 52.26  576.00    2.92  -11.97   32.54    7.82   -2.12    8.11  285.24   17.00     4587  120.417013   23.192455  4779.35 
 1196.57 11 19 55.57  575.00    2.82  -12.28   31.99    8.85   -2.23    9.13  284.19    4.11     4599  120.417262   23.192394  4792.05 
 1199.01 11 19 58.00  574.00    2.69  -12.66   31.30   10.35   -1.60   10.47  278.81    4.82     4611  120.417481   23.192360  4807.17 
 1202.90 11 20 01.90  573.00    2.57  -13.30   30.00   11.00   -2.33   11.25  281.83   13.75     4623  120.417883   23.192262  4825.83 
 1206.95 11 20 05.94  572.00    2.47  -13.87   28.85    8.58   -3.18    9.16  290.43    5.75     4635  120.418282   23.192154  4843.20 
 1210.60 11 20 09.59  571.00    2.38  -14.54   27.53    9.14   -2.71    9.57  286.83   17.55     4648  120.418637   23.192055  4858.51 
 1214.25 11 20 13.24  570.00    2.30  -15.21   26.20    9.69   -2.23    9.98  283.23   29.36     4661  120.418992   23.191955  4873.82 
 1218.18 11 20 17.18  569.00    2.21  -15.99   24.67    9.74   -3.52   10.36  289.85    2.68     4673  120.419375   23.191854  4889.64 
 1221.65 11 20 20.65  568.00    2.14  -18.05   20.85   10.11   -2.33   10.38  282.98    3.60     4686  120.419715   23.191777  4900.27 
 1225.33 11 20 24.32  567.00    2.07  -21.17   16.04   10.71   -2.01   10.90  280.63    3.60     4699  120.420093   23.191677  4911.98 
 1229.05 11 20 28.05  566.00    2.04  -23.87   12.67   10.86   -2.05   11.05  280.71    4.31     4713  120.420495   23.191619  4924.83 
 1232.81 11 20 31.81  565.00    1.99  -26.00   10.49   12.50   -2.18   12.69  279.89    3.92     4727  120.420897   23.191562  4938.07 
 1236.52 11 20 35.52  564.00    1.97  -27.64    9.04   11.20   -2.16   11.41  280.90    3.86     4741  120.421292   23.191495  4956.50 
 1240.34 11 20 39.34  563.00    1.92  -29.04    8.00   11.09   -2.25   11.32  281.45    8.09     4754  120.421705   23.191425  4969.37 
 1243.61 11 20 42.60  562.00    1.86  -30.45    7.02   11.32   -2.53   11.60  282.60   19.05     4767  120.422058   23.191340  4982.74 
 1247.63 11 20 46.62  561.00    1.82  -32.27    5.96   12.17   -1.94   12.32  279.08   11.02     4781  120.422473   23.191271  4998.61 
 1251.33 11 20 50.32  560.00    1.79  -34.21    4.90   12.04   -1.98   12.20  279.36   16.15     4795  120.422846   23.191213  5011.98 
 1254.89 11 20 53.89  559.00    1.77  -35.97    4.12   12.63   -2.55   12.88  281.44    3.69     4809  120.423267   23.191122  5022.69 
 1258.79 11 20 57.78  558.00    1.79  -37.74    3.44   13.46   -3.29   13.86  283.72    3.80     4824  120.423722   23.191026  5038.72 
 1262.42 11 21 01.41  557.00    1.78  -39.59    2.87   12.17   -3.08   12.55  284.19    8.37     4838  120.424183   23.190917  5049.83 
 1265.80 11 21 04.79  556.00    1.78  -41.53    2.33   12.40   -2.88   12.73  283.06   20.65     4852  120.424690   23.190816  5060.81 
 1269.90 11 21 08.90  555.00    1.78  -42.91    2.01   12.09   -2.73   12.39  282.74    3.40     4867  120.425159   23.190703  5077.87 
 1273.46 11 21 12.45  554.00    1.77  -44.10    1.77   12.22   -1.48   12.31  276.92    5.72     4881  120.425575   23.190655  5096.87 
 1277.02 11 21 16.02  553.00    1.75  -45.04    1.60   12.73   -1.71   12.85  277.66    2.72     4895  120.426003   23.190630  5114.92 
 1280.64 11 21 19.63  552.00    1.72  -45.56    1.52   13.40   -2.28   13.60  279.75    8.76     4909  120.426409   23.190549  5127.17 
 1284.44 11 21 23.43  551.00    1.67  -46.97    1.30   12.67   -3.12   13.04  283.81    3.32     4923  120.426808   23.190437  5138.79 
 1288.01 11 21 27.00  550.00    1.63  -47.00    1.30   12.27   -1.31   12.34  276.08    3.56     4937  120.427221   23.190370  5152.44 
 1291.73 11 21 30.73  549.00    1.59  -47.95    1.18   12.38   -2.10   12.57  279.57   15.24     4951  120.427674   23.190302  5167.43 
 1295.47 11 21 34.47  548.00    1.54  -48.94    1.05   12.28   -2.62   12.56  282.01    3.64     4965  120.428122   23.190225  5183.90 
 1299.08 11 21 38.08  547.00    1.49  -50.33    0.90   12.60   -1.35   12.67  276.12    3.69     4978  120.428550   23.190199  5199.97 
 1302.57 11 21 41.57  546.00    1.45  -50.94    0.84   12.37   -1.28   12.44  275.91    3.80     4992  120.428959   23.190164  5214.50 
 1306.28 11 21 45.27  545.00    1.41  -52.53    0.70   13.32   -0.87   13.35  273.73    4.47     5006  120.429396   23.190137  5229.36 
 1309.61 11 21 48.60  544.00    1.34  -54.79    0.54   12.28   -1.10   12.33  275.10    3.72     5020  120.429803   23.190114  5244.89 
 1313.58 11 21 52.58  543.00    1.28  -57.24    0.40   11.89   -1.56   12.00  277.46    3.50     5033  120.430270   23.190064  5260.85 
 1317.33 11 21 56.33  542.00    1.20  -60.60    0.27   12.41   -1.29   12.48  275.93    3.39     5047  120.430706   23.190017  5276.50 
 1321.01 11 22 00.00  541.00    1.15  -62.77    0.20   13.30   -0.57   13.31  272.46    4.08     5061  120.431161   23.190000  5291.47 
 1324.81 11 22 03.81  540.00    1.04  -82.28   -0.18   12.06    2.10   12.02  260.90    1.31     5074  120.431617   23.190000  5307.71 
