Data Type/Direction:                       StormTracker/Ascending
File Format/Version:                       EOL Sounding Format/1.1
Project Name/Platform:                     unknown/StormTracker
Launch Site:                               unknown
Launch Location (lon,lat,alt):             120.37659421627, 23.186, 84.9865972295608
UTC Launch Time (y,m,d,h,m,s):             2021, 04, 02, 14:05:00
Sonde Id/Sonde Type:                       unknown/StormTracker/
Reference Launch Data Source/Time:         unknown/unknown
System Operator/Comments:                  SOUNDING IN EOL FORMAT/
Post Processing Comments:                  AIQC_process_v2.1_L2; Created on 10 Dec 2021 08:39 UTC  
/
  Time   -- UTC  --   Press    Temp   Dewpt    RH     Uwind   Vwind   Wspd     Dir     dZ    GeoPoAlt     Lon         Lat      GPSAlt 
   sec   hh mm   ss     mb      C       C       %      m/s     m/s     m/s     deg     m/s       m        deg         deg         m   
-------- -- -- ----- ------- ------- ------- ------- ------- ------- ------- ------- ------- -------- ----------- ----------- --------
    0.00 14 05 00.00 1002.96   35.41   22.38   47.00    0.09   -0.19    0.21  333.71    0.00       81  120.376530   23.186040    81.29 
    4.08 14 05 04.08 1002.00   35.33   22.47   47.45    4.12   -2.45    4.85  301.44    3.84       90  120.376594   23.186000    84.99 
    6.03 14 05 06.02 1001.00   35.26   21.89   45.99    5.02   -1.05    5.16  281.95    3.45       99  120.376700   23.185989    90.73 
    8.32 14 05 08.32 1000.00   35.01   21.70   46.09    6.28   -4.11    7.64  303.51    2.23      108  120.376763   23.185897   100.50 
   11.27 14 05 11.26  999.00   34.79   21.77   46.85    1.85   -0.88    2.10  287.00    2.65      117  120.376888   23.185885   106.01 
   13.61 14 05 13.61  998.00   34.59   23.01   51.09    6.07   -3.81    7.28  300.65    4.06      126  120.376997   23.185806   115.30 
   16.45 14 05 16.45  997.00   34.40   21.92   48.33    4.09   -2.36    4.79  296.64    3.66      135  120.377138   23.185756   125.46 
   19.33 14 05 19.33  996.00   34.26   21.93   48.73   10.83   -0.64   10.89  274.07    2.51      144  120.377340   23.185717   132.82 
   21.42 14 05 21.42  995.00   34.21   21.62   47.95    4.35   -1.58    4.68  290.79    4.91      153  120.377483   23.185682   140.00 
   23.83 14 05 23.83  994.00   34.01   21.62   48.50    6.83   -4.56    8.23  303.89    4.83      162  120.377598   23.185597   151.17 
   25.30 14 05 25.29  993.00   33.88   21.93   49.78    8.30   -2.49    8.67  286.77    6.14      171  120.377711   23.185551   159.93 
   27.00 14 05 27.00  992.00   33.77   21.94   50.10    4.02   -2.75    4.87  304.39    5.46      180  120.377810   23.185510   172.61 
   28.65 14 05 28.65  991.00   33.67   22.24   51.35    3.39   -3.21    4.69  312.83    5.13      189  120.377870   23.185470   182.48 
   30.60 14 05 30.59  990.00   33.52   21.35   49.02    5.23   -3.10    6.17  301.19    4.60      198  120.377950   23.185408   192.25 
   32.54 14 05 32.53  989.00   33.37   21.36   49.46    7.91   -1.15    7.99  278.31    4.81      207  120.378083   23.185375   203.69 
   34.27 14 05 34.26  988.00   33.28   21.74   50.88    5.85   -3.50    6.94  300.95    5.09      216  120.378203   23.185342   213.52 
   36.08 14 05 36.07  987.00   33.19   21.45   50.26    3.78   -5.48    6.66  325.35    6.24      225  120.378283   23.185267   223.47 
   37.91 14 05 37.91  986.00   33.06   21.39   50.44    5.55   -2.78    6.26  296.86    4.65      234  120.378366   23.185203   231.04 
   40.02 14 05 40.01  985.00   32.99   21.42   50.71    5.95   -4.31    7.34  305.89    4.17      243  120.378491   23.185139   241.51 
   42.14 14 05 42.13  984.00   32.88   21.42   51.03    6.50   -6.51    9.21  314.90    5.26      252  120.378587   23.185023   257.08 
   44.06 14 05 44.05  983.00   32.80   21.27   50.81    4.77   -3.47    5.90  306.00    3.84      261  120.378672   23.184928   273.12 
   46.26 14 05 46.25  982.00   32.69   21.25   51.02    5.88   -2.99    6.62  297.02    3.71      270  120.378775   23.184847   286.49 
   48.38 14 05 48.38  981.00   32.62   22.01   53.68    5.29   -2.53    5.87  295.71    3.60      279  120.378909   23.184812   293.55 
   50.13 14 05 50.12  980.00   32.48   22.27   54.98    3.95   -2.34    4.59  300.63    5.72      288  120.378995   23.184787   300.38 
   52.37 14 05 52.37  979.00   32.38   21.51   52.79    5.24   -2.97    6.03  299.92    4.71      297  120.379102   23.184749   309.99 
   54.37 14 05 54.36  978.00   32.28   21.69   53.71    6.72   -2.77    7.27  292.31    4.15      307  120.379232   23.184703   319.06 
   56.43 14 05 56.42  977.00   32.20   21.25   52.49    5.22   -3.39    6.30  301.90    4.63      316  120.379351   23.184653   328.42 
   58.68 14 05 58.67  976.00   32.14   22.06   55.34    3.89   -4.84    6.21  321.25    3.74      325  120.379457   23.184563   337.62 
   60.56 14 06 00.56  975.00   32.06   21.38   53.33    4.75   -4.92    6.84  316.00    5.23      334  120.379538   23.184488   345.74 
   62.52 14 06 02.52  974.00   31.97   21.13   52.77    5.97   -4.79    7.66  308.90    4.12      343  120.379641   23.184409   353.72 
   64.44 14 06 04.43  973.00   31.86   21.08   52.94    6.99   -3.15    7.67  294.20    5.06      352  120.379771   23.184347   362.54 
   66.37 14 06 06.36  972.00   31.72   21.41   54.47    5.20   -2.28    5.68  293.52    5.56      361  120.379888   23.184306   373.32 
   67.99 14 06 07.98  971.00   31.65   22.59   58.77    4.11   -1.54    4.39  290.54   11.21      370  120.379969   23.184290   380.44 
   69.99 14 06 09.98  970.00   31.58   21.60   55.54    4.88   -2.85    5.65  300.22    4.50      379  120.380049   23.184260   387.12 
   71.88 14 06 11.87  969.00   31.52   20.96   53.58    4.91   -3.93    6.29  308.70    6.16      388  120.380135   23.184204   392.90 
   74.28 14 06 14.28  968.00   31.42   21.01   54.04    5.23   -4.84    7.13  312.79    3.14      397  120.380264   23.184102   403.65 
   76.11 14 06 16.11  967.00   31.31   21.63   56.52    4.02   -3.85    5.57  313.72    5.15      407  120.380355   23.184037   410.78 
   77.56 14 06 17.56  966.00   31.27   20.88   54.07    3.41   -3.58    4.94  316.63    6.55      416  120.380407   23.183987   416.43 
   79.80 14 06 19.80  965.00   31.21   20.94   54.44    2.91   -3.73    4.73  321.95    3.81      425  120.380464   23.183918   427.33 
   82.01 14 06 22.00  964.00   31.14   21.12   55.30    1.96   -4.23    4.66  335.12    5.50      434  120.380500   23.183840   438.39 
   84.32 14 06 24.32  963.00   31.07   21.10   55.43    2.03   -5.41    5.78  339.41    4.12      443  120.380533   23.183724   452.16 
   86.52 14 06 26.51  962.00   30.97   21.10   55.73    2.20   -5.34    5.78  337.60    4.07      452  120.380570   23.183614   464.57 
   88.69 14 06 28.69  961.00   30.85   21.24   56.65    0.70   -5.25    5.39  352.51    3.89      461  120.380593   23.183498   479.76 
   91.97 14 06 31.97  960.00   30.81   21.33   57.06    0.20   -5.44    5.44  357.91    2.19      471  120.380570   23.183312   502.61 
   94.75 14 06 34.74  959.00   30.78   21.41   57.48    1.04   -7.01    7.09  351.71    2.78      480  120.380533   23.183123   523.09 
   98.01 14 06 38.01  958.00   30.66   20.91   56.10    1.46   -5.07    5.27  343.93    2.40      489  120.380500   23.182859   558.95 
  100.66 14 06 40.66  957.00   30.55   21.55   58.76    0.79   -4.98    5.06  351.13    2.62      498  120.380437   23.182670   588.75 
  103.52 14 06 43.52  956.00   30.44   21.06   57.34    1.40   -5.03    5.22  344.43    2.45      507  120.380395   23.182473   617.87 
  106.01 14 06 46.00  955.00   30.31   20.70   56.51    0.40   -5.71    5.72  355.96    4.11      516  120.380360   23.182309   645.07 
  108.25 14 06 48.24  954.00   30.18   21.22   58.81    1.59   -5.58    5.80  344.03    5.22      525  120.380328   23.182155   667.19 
  110.40 14 06 50.39  953.00   29.99   20.80   57.88    0.90   -6.10    6.20  351.78    3.75      534  120.380324   23.182016   684.98 
  112.28 14 06 52.27  952.00   29.91   20.74   57.94    3.80   -6.28    7.44  329.13    5.04      544  120.380333   23.181923   695.76 
  114.78 14 06 54.78  951.00   29.85   21.45   60.76    1.92   -6.55    6.84  343.82    3.52      553  120.380356   23.181783   711.42 
  117.41 14 06 57.40  950.00   29.75   21.37   60.83    2.43   -6.75    7.18  340.29    3.30      562  120.380392   23.181636   729.63 
  120.28 14 07 00.28  949.00   29.66   21.10   60.14    2.43   -4.60    5.20  332.05    3.30      571  120.380446   23.181512   741.50 
  122.79 14 07 02.79  948.00   29.64   20.59   58.32    1.13   -4.23    4.39  344.77    2.69      581  120.380434   23.181428   752.93 
  125.38 14 07 05.37  947.00   29.57   20.62   58.65    0.51   -4.42    4.45  353.37    3.95      590  120.380430   23.181315   768.23 
  128.04 14 07 08.04  946.00   29.49   21.26   61.30    0.75   -3.03    3.12  345.98    2.79      599  120.380504   23.181303   762.80 
  130.75 14 07 10.74  945.00   29.38   21.07   60.97    1.24   -3.10    3.34  338.14    4.41      608  120.380725   23.181427   731.10 
  133.38 14 07 13.37  944.00   29.28   21.72   63.80    1.31   -3.78    4.00  340.79    2.90      617  120.380913   23.181484   709.39 
  135.98 14 07 15.98  943.00   29.20   20.48   59.41    0.55   -3.61    3.65  351.41    4.67      627  120.381010   23.181460   702.56 
  138.32 14 07 18.32  942.00   29.12   20.53   59.86    0.40   -2.87    2.90  352.26    4.04      636  120.381040   23.181427   702.66 
  140.82 14 07 20.82  941.00   29.00   20.51   60.22    0.75   -2.63    2.74  344.10    4.16      645  120.381066   23.181402   705.17 
  143.78 14 07 23.77  940.00   28.95   20.45   60.18    0.72   -4.28    4.35  350.62    2.53      654  120.381116   23.181344   710.05 
  146.15 14 07 26.14  939.00   28.84   20.57   61.03    1.27   -4.66    4.83  344.74    3.99      663  120.381174   23.181276   712.70 
  147.93 14 07 27.92  938.00   28.75   20.51   61.11    1.81   -4.40    4.76  337.64    5.00      673  120.381219   23.181231   718.78 
  150.69 14 07 30.68  937.00   28.69   21.00   63.20    0.61   -3.73    3.78  350.85    3.34      682  120.381267   23.181166   721.81 
  152.90 14 07 32.90  936.00   28.60   20.82   62.82    0.54   -2.40    2.46  347.14    4.62      691  120.381308   23.181131   724.76 
  154.98 14 07 34.97  935.00   28.50   21.03   64.01    1.60   -2.55    3.01  328.00    4.53      701  120.381359   23.181110   729.32 
  157.98 14 07 37.97  934.00   28.39   20.41   62.00    3.21   -2.70    4.20  310.03    3.65      710  120.381459   23.181080   735.40 
  160.39 14 07 40.39  933.00   28.32   20.41   62.26    2.90   -2.61    3.90  311.93    4.09      719  120.381542   23.181032   742.71 
  162.78 14 07 42.77  932.00   28.26   20.23   61.80    2.54   -3.02    3.95  319.87    4.51      728  120.381623   23.180984   749.87 
  165.13 14 07 45.12  931.00   28.14   20.28   62.38    2.32   -2.58    3.47  318.11    4.02      738  120.381693   23.180947   757.81 
  167.34 14 07 47.34  930.00   27.99   20.43   63.54    1.92   -2.36    3.05  320.79    4.87      747  120.381737   23.180917   765.21 
  170.58 14 07 50.58  929.00   27.91   20.17   62.83    2.40   -1.63    2.92  304.16    2.34      756  120.381822   23.180884   770.95 
  172.89 14 07 52.89  928.00   27.82   20.08   62.79    1.30   -0.73    1.49  299.06    3.80      765  120.381868   23.180890   777.24 
  174.68 14 07 54.68  927.00   27.74   20.13   63.27    1.76   -0.01    1.80  271.03    5.25      775  120.381904   23.180897   783.12 
  177.06 14 07 57.06  926.00   27.64   21.49   69.25    0.94    0.12    0.95  262.61    3.28      784  120.381921   23.180931   792.75 
  178.93 14 07 58.93  925.00   27.47   21.36   69.34    0.91    0.12    0.92  262.61    5.61      793  120.381939   23.180949   802.53 
  180.22 14 08 00.21  924.00   27.29   20.02   64.53    1.27   -0.05    1.30  268.82    7.04      802  120.381952   23.180938   810.19 
  181.84 14 08 01.84  923.00   27.20   20.02   64.89    1.97   -1.27    2.35  302.56    6.11      811  120.381977   23.180922   818.67 
  183.28 14 08 03.28  922.00   27.09   20.70   68.14    1.87   -1.62    2.47  310.76    6.50      821  120.381999   23.180904   827.88 
  184.56 14 08 04.55  921.00   26.99   19.98   65.54    2.17   -2.21    3.10  315.50    7.25      830  120.382031   23.180884   835.64 
  185.93 14 08 05.93  920.00   26.90   19.99   65.89    1.38   -3.46    3.74  337.91    6.66      839  120.382049   23.180852   844.10 
  187.48 14 08 07.47  919.00   26.89   20.07   66.30    2.40   -4.19    4.84  330.13    6.03      849  120.382084   23.180796   855.14 
  189.37 14 08 09.36  918.00   26.88   20.04   66.20    3.62   -4.80    6.01  322.96    4.65      858  120.382145   23.180725   866.17 
  192.01 14 08 12.01  917.00   26.94   20.29   66.99    4.10   -4.49    6.08  317.59    3.91      868  120.382260   23.180630   876.69 
  194.27 14 08 14.26  916.00   26.98   19.93   65.37    3.18   -4.21    5.28  322.97    4.12      878  120.382338   23.180549   886.58 
  196.47 14 08 16.46  915.00   26.99   19.91   65.25    2.09   -3.87    4.40  331.61    4.80      887  120.382389   23.180466   895.55 
  198.44 14 08 18.44  914.00   26.93   20.23   66.80    1.52   -3.86    4.15  338.56    4.32      897  120.382424   23.180397   905.43 
  200.54 14 08 20.54  913.00   26.80   20.64   69.05    1.16   -2.50    2.76  334.77    4.81      906  120.382445   23.180339   915.97 
  202.77 14 08 22.76  912.00   26.69   20.53   69.01    1.68   -2.58    3.08  326.92    3.86      915  120.382475   23.180295   925.64 
  204.61 14 08 24.61  911.00   26.53   20.83   70.94    1.91   -3.49    3.98  331.12    5.62      924  120.382496   23.180242   934.66 
  206.41 14 08 26.41  910.00   26.41   20.15   68.52    1.85   -4.21    4.60  336.15    4.95      934  120.382528   23.180183   944.00 
  208.04 14 08 28.03  909.00   26.32   19.68   66.92    1.72   -4.12    4.47  337.33    5.85      943  120.382551   23.180119   952.86 
  210.72 14 08 30.71  908.00   26.30   19.84   67.67    0.54   -4.19    4.22  352.60    2.94      953  120.382570   23.180028   962.81 
  213.73 14 08 33.73  907.00   26.29   19.71   67.15   -0.49   -4.82    4.85    5.55    4.22      962  120.382573   23.179913   970.70 
  216.45 14 08 36.45  906.00   26.23   20.39   70.30   -0.46   -4.66    4.68    5.67    3.58      972  120.382555   23.179802   980.94 
  219.00 14 08 38.99  905.00   26.17   19.75   67.80   -1.01   -5.31    5.41   10.78    4.03      981  120.382530   23.179690   990.12 
  222.29 14 08 42.28  904.00   26.03   20.12   69.95   -0.53   -3.73    3.79    8.46    3.26      991  120.382500   23.179568   998.85 
  224.59 14 08 44.58  903.00   25.88   19.67   68.61    0.17   -4.38    4.39  357.79    3.66     1000  120.382510   23.179481  1008.50 
  227.49 14 08 47.48  902.00   25.80   19.50   68.25   -0.02   -5.08    5.08  184.51    3.42     1009  120.382515   23.179356  1019.74 
  230.28 14 08 50.28  901.00   25.68   20.38   72.57   -0.17   -4.15    4.15    2.47    3.20     1019  120.382510   23.179239  1029.97 
  232.68 14 08 52.68  900.00   25.60   19.63   69.59   -1.01   -4.34    4.46   13.09    4.26     1028  120.382486   23.179153  1038.69 
  237.24 14 08 57.24  899.00   25.64   19.53   69.00   -0.33   -5.48    5.50   90.93    2.72     1038  120.382452   23.178958  1049.40 
  240.23 14 09 00.22  898.00   25.53   19.62   69.84    0.50   -2.93    2.98  350.38    3.92     1047  120.382472   23.178845  1057.91 
  244.10 14 09 04.10  897.00   25.52   20.19   72.42   -0.83   -2.27    2.44   18.65    1.36     1057  120.382458   23.178768  1068.62 
  246.92 14 09 06.92  896.00   25.49   19.72   70.46   -2.34   -2.83    3.67   39.66    2.48     1067  120.382392   23.178692  1077.14 
  249.75 14 09 09.75  895.00   25.45   19.32   68.87   -1.76   -3.03    3.50   30.21    3.84     1076  120.382342   23.178607  1086.15 
  253.04 14 09 13.04  894.00   25.38   19.32   69.18   -1.85   -2.74    3.30   34.04    3.24     1086  120.382289   23.178529  1095.40 
  256.54 14 09 16.53  893.00   25.35   19.70   70.95   -1.29   -1.93    2.33   33.82    2.35     1095  120.382245   23.178465  1106.87 
  258.88 14 09 18.87  892.00   25.38   18.86   67.22   -2.37   -1.64    2.88   55.22    4.11     1105  120.382202   23.178441  1114.41 
  262.33 14 09 22.32  891.00   25.38   18.72   66.64   -1.29   -0.84    1.54   57.16    3.14     1115  120.382137   23.178397  1125.71 
  265.94 14 09 25.93  890.00   25.45   18.76   66.51   -0.99   -2.65    2.84   20.95    3.15     1125  120.382110   23.178341  1136.25 
  268.18 14 09 28.18  889.00   25.42   18.48   65.48   -1.64   -2.76    3.21   30.82    5.00     1135  120.382076   23.178296  1143.81 
  270.96 14 09 30.96  888.00   25.30   18.40   65.60   -2.00   -1.54    2.52   52.35    2.88     1144  120.382021   23.178250  1152.76 
  273.75 14 09 33.74  887.00   25.26   18.51   66.22   -1.80   -0.42    1.85   76.59    4.09     1154  120.381975   23.178240  1162.07 
  277.17 14 09 37.16  886.00   25.26   19.06   68.55   -3.33   -0.31    3.34   84.70    1.64     1164  120.381883   23.178240  1172.61 
  279.77 14 09 39.76  885.00   25.26   18.34   65.51   -2.74    0.11    2.74   92.42    3.38     1174  120.381797   23.178240  1182.16 
  282.30 14 09 42.29  884.00   25.16   18.08   64.87   -2.58   -0.22    2.60   85.28    4.17     1183  120.381724   23.178240  1191.55 
  284.49 14 09 44.49  883.00   25.11   18.04   64.85   -2.56   -0.48    2.60   79.11    3.66     1193  120.381675   23.178230  1202.39 
  287.46 14 09 47.46  882.00   25.07   17.83   64.20   -2.67   -0.51    2.72   79.11    3.42     1203  120.381606   23.178220  1215.48 
  289.80 14 09 49.79  881.00   24.99   17.76   64.20   -2.55    0.11    2.56   92.55    4.10     1212  120.381546   23.178220  1225.99 
  291.95 14 09 51.95  880.00   24.94   17.69   64.10   -2.28    0.47    2.33  101.65    4.95     1222  120.381501   23.178230  1235.52 
  294.27 14 09 54.26  879.00   24.84   17.58   64.03   -2.54   -0.01    2.54   90.08    3.84     1231  120.381452   23.178230  1245.76 
  296.68 14 09 56.67  878.00   24.78   17.56   64.20   -2.61   -0.19    2.62   85.89    3.96     1241  120.381390   23.178230  1256.57 
  299.68 14 09 59.68  877.00   24.79   17.63   64.44   -2.51    0.30    2.53   96.71    3.61     1251  120.381320   23.178240  1265.62 
  301.86 14 10 01.86  876.00   24.76   18.03   66.20   -3.13    0.04    3.13   90.71    4.63     1261  120.381254   23.178240  1274.16 
  304.02 14 10 04.02  875.00   24.74   17.99   66.13   -2.58    0.72    2.68  105.58    5.38     1271  120.381190   23.178260  1284.33 
  306.67 14 10 06.67  874.00   24.72   17.49   64.17   -2.76    2.03    3.43  126.34    4.40     1281  120.381120   23.178303  1295.50 
  308.88 14 10 08.87  873.00   24.71   17.41   63.84   -2.37    2.91    3.75  140.76    5.25     1291  120.381072   23.178356  1305.92 
  310.72 14 10 10.71  872.00   24.66   17.59   64.79   -1.11    2.08    2.35  152.18    5.76     1300  120.381053   23.178404  1313.31 
  313.12 14 10 13.12  871.00   24.65   17.03   62.60   -1.03    1.40    1.73  143.69    3.84     1310  120.381029   23.178451  1325.62 
  314.89 14 10 14.89  870.00   24.55   17.56   65.09   -0.10    2.08    2.11  175.71    6.52     1320  120.381029   23.178469  1334.45 
  316.90 14 10 16.89  869.00   24.50   16.81   62.24    0.41    2.28    2.33  190.18    3.86     1330  120.381049   23.178508  1343.81 
  319.72 14 10 19.71  868.00   24.57   14.44   53.25    1.49    4.58    4.82  198.07    4.47     1340  120.381087   23.178606  1353.86 
  322.95 14 10 22.95  867.00   24.78   13.62   49.89    0.68    4.14    4.20  189.23    3.28     1351  120.381110   23.178738  1365.50 
  325.80 14 10 25.80  866.00   24.94   13.36   48.58    0.01    2.74    2.74  180.15    4.07     1362  120.381102   23.178836  1375.57 
  328.71 14 10 28.71  865.00   25.12   13.40   48.22   -0.00    1.35    1.35  179.83    4.17     1373  120.381110   23.178887  1383.94 
  331.49 14 10 31.48  864.00   25.26   13.40   47.77   -0.00    1.28    1.28  179.83    4.27     1383  120.381115   23.178915  1392.62 
  333.99 14 10 33.98  863.00   25.40   11.16   40.91    0.81    2.25    2.39  199.73    4.39     1394  120.381130   23.178960  1401.36 
  337.07 14 10 37.06  862.00   25.54   11.81   42.35    0.72    3.03    3.11  193.46    2.17     1405  120.381161   23.179041  1412.66 
  339.83 14 10 39.83  861.00   25.67   10.57   38.72    1.35    2.43    2.78  209.11    2.69     1416  120.381197   23.179107  1421.65 
  342.17 14 10 42.16  860.00   25.77   11.22   40.19    1.33    2.80    3.10  205.32    4.13     1426  120.381222   23.179163  1431.39 
  344.48 14 10 44.47  859.00   25.80   10.58   38.43    0.55    2.89    2.95  190.66    5.43     1436  120.381230   23.179224  1441.18 
  346.95 14 10 46.94  858.00   25.83   10.65   38.54   -0.03    2.24    2.24  179.09    4.88     1447  120.381230   23.179279  1451.02 
  349.58 14 10 49.58  857.00   25.89   10.74   38.63    1.20    2.59    2.88  203.23    4.08     1457  120.381252   23.179332  1462.15 
  352.09 14 10 52.09  856.00   25.91   10.50   38.00    2.22    3.31    3.99  213.78    4.51     1468  120.381302   23.179403  1473.07 
  353.83 14 10 53.83  855.00   25.93   10.93   39.08    2.38    3.34    4.10  215.45    4.83     1478  120.381337   23.179455  1481.84 
  356.48 14 10 56.48  854.00   25.99   11.13   39.47    1.26    2.80    3.07  204.14    3.44     1488  120.381375   23.179524  1492.52 
  359.05 14 10 59.04  853.00   26.01   10.35   37.40    2.01    2.77    3.42  216.03    4.22     1499  120.381421   23.179591  1504.24 
  361.40 14 11 01.39  852.00   26.02   10.35   37.36    2.04    2.31    3.09  221.45    3.50     1509  120.381478   23.179652  1513.76 
  364.00 14 11 04.00  851.00   26.05   10.43   37.50    1.98    1.76    2.65  228.47    4.09     1519  120.381530   23.179700  1522.14 
  366.66 14 11 06.66  850.00   26.03   10.79   38.48    1.75    1.83    2.53  223.95    4.45     1530  120.381567   23.179743  1534.24 
  369.10 14 11 09.10  849.00   25.93   10.77   38.62    1.31    2.60    2.91  206.67    4.16     1540  120.381592   23.179792  1545.71 
  371.57 14 11 11.56  848.00   25.85   10.36   37.76    2.52    3.03    3.96  219.90    3.71     1549  120.381647   23.179857  1555.81 
  373.94 14 11 13.93  847.00   25.81   10.66   38.63    3.51    2.98    4.60  229.64    3.42     1560  120.381728   23.179918  1565.80 
  376.65 14 11 16.64  846.00   25.77   11.13   39.98    2.23    2.58    3.41  220.71    3.75     1570  120.381783   23.179989  1574.55 
  378.93 14 11 18.93  845.00   25.69   10.60   38.74    1.92    2.49    3.15  217.53    4.29     1580  120.381829   23.180048  1584.63 
  381.14 14 11 21.13  844.00   25.65   10.73   39.16    1.96    1.93    2.75  225.50    4.71     1590  120.381873   23.180093  1596.12 
  384.03 14 11 24.03  843.00   25.60   10.55   38.81    2.04    2.54    3.26  218.73    3.34     1600  120.381931   23.180151  1606.84 
  386.42 14 11 26.41  842.00   25.55   10.79   39.57    2.52    2.34    3.45  227.15    5.04     1610  120.381988   23.180198  1614.70 
  389.03 14 11 29.03  841.00   25.51   12.27   43.74    2.15    1.94    2.90  227.99    3.92     1620  120.382041   23.180241  1625.24 
  391.54 14 11 31.54  840.00   25.38   10.36   38.83    2.24    2.46    3.33  222.27    3.99     1630  120.382091   23.180296  1636.10 
  394.07 14 11 34.07  839.00   25.21   10.99   40.92    2.62    2.40    3.56  227.44    3.74     1639  120.382152   23.180351  1647.64 
  396.41 14 11 36.40  838.00   25.11   10.50   39.82    2.29    1.94    3.00  229.71    4.12     1649  120.382208   23.180398  1656.92 
  398.94 14 11 38.94  837.00   25.04   10.29   39.43    2.43    2.15    3.24  228.50    3.65     1659  120.382268   23.180449  1668.38 
  401.38 14 11 41.37  836.00   24.97   11.12   41.92    2.82    2.97    4.10  223.49    3.52     1669  120.382331   23.180501  1678.43 
  404.12 14 11 44.11  835.00   24.92   10.44   40.14    3.23    2.90    4.34  228.02    5.06     1680  120.382422   23.180574  1686.67 
  406.44 14 11 46.44  834.00   24.84   11.25   42.63    3.05    2.90    4.21  226.48    3.91     1690  120.382483   23.180639  1698.90 
  409.13 14 11 49.12  833.00   24.75   10.39   40.40    2.76    1.99    3.40  234.14    3.47     1700  120.382564   23.180703  1707.78 
  411.41 14 11 51.41  832.00   24.66   10.22   40.17    3.42    2.44    4.20  234.20    4.75     1710  120.382627   23.180752  1716.72 
  414.40 14 11 54.39  831.00   24.57   10.82   42.02    4.20    2.70    4.99  237.24    2.69     1720  120.382746   23.180822  1729.87 
  417.73 14 11 57.72  830.00   24.63   11.16   42.84    4.32    2.81    5.15  236.93    2.69     1730  120.382889   23.180915  1739.49 
  421.10 14 12 01.09  829.00   24.61   11.93   45.14    2.53    2.18    3.34  229.18    3.11     1741  120.383003   23.180992  1749.03 
  424.67 14 12 04.66  828.00   24.56   11.27   43.38    4.29    3.05    5.26  234.55    2.91     1751  120.383123   23.181073  1761.28 
  428.11 14 12 08.10  827.00   24.61   12.02   45.40    4.35    2.96    5.26  235.81    3.03     1762  120.383275   23.181173  1770.12 
  431.92 14 12 11.92  826.00   24.65   10.10   39.85    4.39    2.17    4.90  243.70    2.11     1773  120.383447   23.181258  1779.74 
  435.70 14 12 15.69  825.00   24.62   10.75   41.78    3.29    1.97    3.84  239.12    2.83     1783  120.383591   23.181334  1789.94 
  439.44 14 12 19.43  824.00   24.59   10.21   40.31    4.10    2.12    4.62  242.64    2.77     1793  120.383748   23.181404  1801.89 
  443.24 14 12 23.23  823.00   24.53    9.87   39.56    4.87    2.73    5.58  240.77    2.81     1804  120.383932   23.181495  1813.46 
  446.94 14 12 26.93  822.00   24.50    8.91   37.14    4.57    2.13    5.04  245.04    2.98     1814  120.384097   23.181569  1824.39 
  450.71 14 12 30.71  821.00   24.36   10.07   40.54    4.49    2.57    5.17  240.21    2.98     1824  120.384259   23.181654  1835.60 
  454.37 14 12 34.36  820.00   24.34    9.21   38.25    4.12    2.60    4.87  237.73    2.41     1834  120.384425   23.181747  1844.14 
  458.42 14 12 38.41  819.00   24.32    9.39   38.76    4.56    2.81    5.36  238.55    2.72     1845  120.384579   23.181838  1854.30 
  461.78 14 12 41.77  818.00   24.23    8.96   37.88    4.41    2.25    4.95  243.02    3.01     1855  120.384721   23.181906  1864.81 
  465.07 14 12 45.07  817.00   24.17    8.67   37.26    3.50    2.26    4.17  237.16    3.70     1865  120.384823   23.181982  1873.19 
  468.96 14 12 48.95  816.00   24.15    9.52   39.50    3.41    1.89    3.90  241.05    2.78     1876  120.384959   23.182059  1884.95 
  472.38 14 12 52.38  815.00   24.01    9.71   40.41    3.95    2.47    4.67  238.01    2.82     1885  120.385101   23.182138  1895.37 
  476.09 14 12 56.08  814.00   24.01    8.47   37.15    3.58    2.81    4.55  231.92    3.47     1896  120.385234   23.182233  1906.10 
  479.80 14 12 59.79  813.00   24.00    8.49   37.20    3.25    1.79    3.72  241.02    4.09     1907  120.385352   23.182308  1916.21 
  483.18 14 13 03.18  812.00   23.94    8.31   36.88    3.79    1.89    4.23  243.52    2.33     1917  120.385477   23.182364  1926.36 
  486.76 14 13 06.75  811.00   23.88    8.85   38.45    4.22    2.99    5.17  234.73    2.80     1927  120.385610   23.182453  1938.09 
  490.36 14 13 10.35  810.00   23.81    8.41   37.43    3.30    2.18    3.95  236.49    3.58     1938  120.385741   23.182544  1947.90 
  494.18 14 13 14.17  809.00   23.75    8.35   37.40    3.25    1.94    3.78  239.15    2.72     1948  120.385855   23.182614  1959.44 
  498.22 14 13 18.21  808.00   23.71    8.57   38.06    3.20    2.39    3.99  233.07    2.38     1959  120.385969   23.182694  1970.63 
  502.27 14 13 22.27  807.00   23.64    8.77   38.75    3.75    1.74    4.14  245.13    2.22     1969  120.386118   23.182763  1979.66 
  505.56 14 13 25.55  806.00   23.55    8.22   37.52    3.38    1.62    3.75  244.40    3.39     1979  120.386237   23.182816  1988.67 
  509.15 14 13 29.15  805.00   23.51    8.17   37.46    2.72    2.26    3.54  230.23    2.86     1990  120.386325   23.182875  1998.64 
  512.42 14 13 32.41  804.00   23.47    7.82   36.69    2.44    1.72    2.99  234.83    3.00     2000  120.386398   23.182934  2009.83 
  516.29 14 13 36.28  803.00   23.41    7.85   36.89    3.80    0.63    3.86  260.55    2.72     2011  120.386509   23.182970  2020.65 
  519.75 14 13 39.75  802.00   23.27    7.80   37.08    3.39    1.49    3.70  246.31    2.74     2020  120.386613   23.183008  2032.19 
  523.72 14 13 43.71  801.00   23.23    7.89   37.40    2.32    1.77    2.92  232.51    2.59     2031  120.386732   23.183084  2044.11 
  527.23 14 13 47.22  800.00   23.20    7.52   36.54    1.96    1.42    2.42  233.86    2.91     2042  120.386805   23.183142  2054.68 
  530.92 14 13 50.92  799.00   23.10    7.43   36.53    3.25    1.06    3.42  251.88    2.99     2052  120.386898   23.183189  2064.87 
  534.33 14 13 54.33  798.00   23.06    7.62   37.10    2.79    1.04    2.98  249.57    4.54     2062  120.386993   23.183220  2075.52 
  538.00 14 13 58.00  797.00   22.93    7.43   36.90    2.34    1.01    2.55  246.67    2.74     2072  120.387070   23.183260  2086.82 
  541.49 14 14 01.49  796.00   22.92    7.58   37.31    2.02    1.31    2.40  236.99    3.35     2083  120.387130   23.183310  2096.78 
  545.03 14 14 05.03  795.00   22.79    7.98   38.65    2.80    0.97    2.97  250.90    2.90     2093  120.387221   23.183350  2107.81 
  548.59 14 14 08.58  794.00   22.61    7.22   37.11    2.32    1.17    2.60  243.34    2.12     2103  120.387302   23.183392  2118.53 
  552.18 14 14 12.17  793.00   22.48    8.24   40.09    2.37    1.32    2.72  240.81    2.39     2113  120.387384   23.183434  2129.56 
  555.55 14 14 15.55  792.00   22.37    7.16   37.49    2.00    1.35    2.42  235.76    3.39     2123  120.387456   23.183476  2139.88 
  559.08 14 14 19.08  791.00   22.30    9.16   43.13    1.80    1.30    2.22  234.18    2.05     2133  120.387522   23.183521  2151.06 
  562.45 14 14 22.44  790.00   22.27    8.34   41.00    1.60    1.27    2.05  231.55    2.97     2144  120.387574   23.183549  2162.42 
  566.01 14 14 26.01  789.00   22.17    7.13   37.88    2.08    2.91    3.58  215.60    2.98     2154  120.387610   23.183630  2171.55 
  569.38 14 14 29.37  788.00   22.10    8.70   42.33    1.79    1.27    2.19  234.72    3.50     2165  120.387676   23.183684  2181.59 
  572.75 14 14 32.75  787.00   21.96    8.12   41.10    2.00    1.09    2.27  241.43    2.63     2175  120.387745   23.183718  2191.61 
  575.90 14 14 35.90  786.00   21.81    6.51   37.14    1.54    2.25    2.73  214.37    2.88     2185  120.387789   23.183778  2203.36 
  579.43 14 14 39.42  785.00   21.79    6.23   36.46    0.14    1.64    1.64  185.04    3.65     2196  120.387800   23.183854  2214.63 
  582.42 14 14 42.41  784.00   21.66    6.13   36.49    0.94    1.40    1.81  203.60    3.51     2206  120.387818   23.183874  2224.46 
  585.75 14 14 45.75  783.00   21.53    6.32   37.33    1.96    1.31    2.36  236.37    3.18     2216  120.387895   23.183918  2235.52 
  589.34 14 14 49.34  782.00   21.55    5.96   36.33    1.23    0.72    1.42  239.59    2.94     2227  120.387930   23.183953  2247.48 
  592.77 14 14 52.76  781.00   21.46    6.01   36.63    0.58    2.67    2.74  192.04    2.90     2237  120.387920   23.184025  2256.84 
  596.25 14 14 56.25  780.00   21.42    7.51   40.76    0.25    1.95    1.97  187.34    3.47     2248  120.387930   23.184095  2267.26 
  599.68 14 14 59.67  779.00   21.32    6.10   37.20    0.14    1.09    1.10  187.34    2.62     2258  120.387937   23.184147  2278.41 
  603.13 14 15 03.12  778.00   21.21    5.08   34.86    0.85    1.31    1.57  213.37    4.09     2269  120.387971   23.184187  2290.39 
  606.52 14 15 06.51  777.00   21.13    5.26   35.50    1.04    1.42    1.76  216.06    3.00     2279  120.387980   23.184225  2301.66 
  609.82 14 15 09.82  776.00   21.09    4.04   32.66    0.27    2.79    2.80  185.44    3.54     2290  120.387980   23.184296  2312.28 
  613.39 14 15 13.39  775.00   21.00    3.80   32.29    0.47    2.40    2.45  191.14    2.97     2300  120.387994   23.184378  2322.88 
  617.28 14 15 17.27  774.00   20.91    3.79   32.47    0.17    1.84    1.85  185.37    2.32     2311  120.388000   23.184456  2335.33 
  620.70 14 15 20.69  773.00   20.85    4.13   33.44    0.90    1.90    2.11  205.34    3.10     2321  120.388024   23.184507  2345.14 
  624.45 14 15 24.44  772.00   20.82    4.08   33.41   -0.11    2.27    2.27  177.65    3.07     2332  120.388016   23.184573  2356.27 
  628.22 14 15 28.22  771.00   20.76    3.01   31.00   -1.05    2.02    2.27  152.51    3.02     2343  120.387970   23.184654  2368.20 
  631.74 14 15 31.74  770.00   20.62    2.60   30.37   -0.86    1.65    1.85  152.51    3.45     2353  120.387970   23.184707  2379.64 
  635.04 14 15 35.03  769.00   20.54    1.99   29.23   -1.07    1.98    2.25  151.73    3.72     2364  120.387950   23.184771  2388.94 
  638.80 14 15 38.79  768.00   20.38    1.76   29.06   -0.47    2.06    2.11  167.12    2.93     2373  120.387930   23.184846  2401.36 
  642.53 14 15 42.52  767.00   20.33    1.46   28.63    0.96    2.07    2.33  204.86    2.77     2384  120.387951   23.184911  2412.65 
  646.57 14 15 46.56  766.00   20.37   -1.03   23.77    1.64    1.37    2.13  230.01    3.20     2396  120.388016   23.184971  2423.00 
  650.34 14 15 50.34  765.00   20.34   -2.49   21.36    1.17    0.98    1.53  230.01    2.75     2407  120.388033   23.185013  2434.38 
  654.50 14 15 54.50  764.00   20.27   -2.29   21.80    1.17    1.67    2.11  215.84    2.42     2417  120.388025   23.185080  2447.07 
  658.65 14 15 58.64  763.00   20.31   -2.90   20.77    0.11    2.39    2.41  183.13    2.61     2429  120.388010   23.185163  2456.99 
  662.52 14 16 02.52  762.00   20.31   -3.32   20.12   -0.23    1.65    1.66  172.18    2.48     2440  120.387990   23.185235  2468.05 
  666.38 14 16 06.38  761.00   20.33   -2.45   21.58   -0.59    1.56    1.67  159.12    2.66     2452  120.387970   23.185294  2479.61 
  670.33 14 16 10.32  760.00   20.22   -3.26   20.44   -0.40    1.77    1.85  166.01    2.60     2462  120.387970   23.185357  2489.00 
  674.56 14 16 14.56  759.00   20.22   -4.50   18.53   -0.27    3.26    3.27  175.29    2.58     2473  120.387964   23.185467  2498.39 
  678.65 14 16 18.64  758.00   20.20   -4.21   18.97   -0.43    2.62    2.68  170.91    2.65     2485  120.387944   23.185563  2509.49 
  682.74 14 16 22.73  757.00   20.20   -3.99   19.28   -0.62    1.64    1.75  159.27    2.63     2496  120.387913   23.185617  2521.58 
  686.62 14 16 26.61  756.00   20.21   -3.93   19.44   -0.86    2.34    2.49  159.78    3.18     2507  120.387874   23.185692  2533.03 
  690.68 14 16 30.67  755.00   20.14   -5.12   17.77   -0.17    3.00    3.00  176.60    3.01     2518  120.387857   23.185790  2545.20 
  694.79 14 16 34.78  754.00   20.06   -2.37   22.04    0.07    2.04    2.04  182.06    2.79     2529  120.387870   23.185876  2554.77 
  698.89 14 16 38.89  753.00   20.06   -5.18   17.77   -0.55    3.30    3.34  170.61    2.86     2540  120.387871   23.185968  2565.10 
  702.93 14 16 42.92  752.00   19.99   -2.91   21.19   -0.62    3.19    3.25  169.05    2.63     2551  120.387841   23.186088  2575.74 
  706.92 14 16 46.92  751.00   19.92   -5.69   17.29    0.04    1.76    1.76  181.43    3.22     2562  120.387850   23.186168  2586.70 
  711.41 14 16 51.41  750.00   19.93   -3.96   19.78   -0.97    1.95    2.19  154.21    2.73     2573  120.387806   23.186238  2600.82 
  715.30 14 16 55.29  749.00   19.84   -5.96   16.98   -0.57    2.98    3.04  169.11    2.74     2584  120.387777   23.186339  2610.61 
  719.30 14 16 59.30  748.00   19.70   -4.13   19.74   -0.28    3.15    3.18  174.63    2.94     2594  120.387750   23.186449  2621.73 
  722.85 14 17 02.85  747.00   19.58   -5.39   18.02   -0.12    2.16    2.17  176.75    3.32     2605  120.387750   23.186527  2631.96 
  726.98 14 17 06.98  746.00   19.53   -3.81   20.36   -0.70    1.10    1.30  147.70    3.25     2616  120.387710   23.186590  2645.42 
  731.05 14 17 11.04  745.00   19.43   -5.50   18.07   -1.46    3.21    3.52  155.52    2.65     2626  120.387670   23.186681  2656.53 
  735.08 14 17 15.07  744.00   19.38   -4.80   19.09   -1.11    2.34    2.59  154.58    2.43     2637  120.387619   23.186782  2666.87 
  738.98 14 17 18.97  743.00   19.15   -5.61   18.20   -0.69    2.24    2.35  162.98    6.34     2647  120.387590   23.186860  2678.40 
  742.81 14 17 22.81  742.00   19.15   -5.27   18.81   -1.33    2.78    3.08  154.80    3.46     2658  120.387562   23.186936  2689.29 
  747.02 14 17 27.02  741.00   19.07   -2.51   23.09   -2.30    2.58    3.46  138.35    2.31     2669  120.387480   23.187040  2700.98 
  750.78 14 17 30.78  740.00   19.03   -5.54   18.46   -1.27    1.73    2.14  143.81    3.31     2680  120.387422   23.187116  2712.05 
  754.79 14 17 34.78  739.00   18.88   -3.53   21.71   -1.53    2.71    3.12  150.69    2.41     2691  120.387384   23.187204  2723.76 
  758.64 14 17 38.63  738.00   18.80   -4.96   19.59   -1.33    1.79    2.23  143.42    2.78     2701  120.387317   23.187283  2734.68 
  762.13 14 17 42.12  737.00   18.66   -4.92   19.81   -1.41    3.34    3.63  157.19    2.80     2712  120.387267   23.187374  2745.52 
  765.83 14 17 45.82  736.00   18.57   -2.09   24.68   -0.25    2.81    2.82  174.67    3.42     2723  120.387240   23.187465  2758.17 
  769.23 14 17 49.22  735.00   18.46   -5.09   19.78   -0.26    2.37    2.39  173.85    2.70     2733  120.387230   23.187555  2769.38 
  773.11 14 17 53.10  734.00   18.33   -4.47   20.94    0.25    3.19    3.20  184.44    2.29     2744  120.387230   23.187643  2781.74 
  776.42 14 17 56.42  733.00   18.25   -5.89   18.86   -0.03    2.75    2.78  181.12    3.23     2755  120.387226   23.187733  2792.89 
  779.80 14 17 59.80  732.00   18.11   -7.25   17.14    0.27    3.36    3.37  184.64    2.74     2765  120.387220   23.187834  2804.19 
  783.70 14 18 03.69  731.00   18.00   -5.33   19.99    1.88    3.20    3.72  210.22    3.39     2775  120.387274   23.187944  2813.77 
  787.49 14 18 07.48  730.00   17.97   -7.85   16.50    0.81    3.62    3.71  192.58    3.32     2787  120.387310   23.188070  2825.33 
  790.67 14 18 10.67  729.00   17.83   -6.49   18.56    0.73    3.59    3.67  191.54    4.30     2797  120.387327   23.188180  2836.06 
  793.70 14 18 13.69  728.00   17.73   -8.57   15.87    1.25    2.40    2.71  207.92    3.02     2808  120.387367   23.188264  2846.74 
  797.32 14 18 17.31  727.00   17.66   -9.36   14.96    0.83    1.49    1.70  209.28    2.60     2819  120.387403   23.188303  2858.36 
  799.75 14 18 19.75  726.00   17.45   -9.23   15.33    1.67    2.96    3.41  209.67    5.34     2829  120.387435   23.188353  2868.35 
  802.13 14 18 22.12  725.00   17.30  -10.35   14.17    2.27    2.99    3.76  217.26    4.22     2839  120.387484   23.188414  2880.96 
  804.55 14 18 24.55  724.00   17.16  -11.32   13.22    2.45    1.80    3.09  232.79    4.06     2849  120.387547   23.188458  2894.26 
  807.56 14 18 27.55  723.00   17.10  -10.96   13.78    3.02    1.26    3.27  247.36    3.98     2861  120.387637   23.188496  2905.49 
  810.25 14 18 30.24  722.00   16.99  -12.23   12.45    3.12    2.07    3.74  236.43    4.34     2871  120.387707   23.188545  2917.63 
  813.22 14 18 33.21  721.00   16.91  -13.89   10.92    3.27    2.35    4.02  234.24    3.47     2882  120.387799   23.188604  2929.00 
  817.30 14 18 37.30  720.00   16.89  -14.11   10.90    4.22    1.97    4.66  244.98    5.14     2894  120.387969   23.188676  2942.97 
  821.17 14 18 41.17  719.00   16.94  -12.38   12.48    3.84    1.41    4.09  249.66    3.01     2906  120.388127   23.188742  2954.55 
  824.89 14 18 44.88  718.00   16.91  -17.38    8.18    4.52    0.96    4.62  257.98    3.56     2918  120.388276   23.188769  2966.11 
  829.15 14 18 49.15  717.00   16.97  -18.22    7.68    4.63    0.83    4.70  259.79    3.00     2930  120.388468   23.188792  2977.03 
  833.07 14 18 53.06  716.00   16.95  -17.33    8.20    4.11    0.66    4.16  260.86    2.85     2942  120.388652   23.188821  2987.90 
  836.92 14 18 56.91  715.00   16.94  -21.20    5.88    3.94   -0.23    3.94  273.19    3.51     2954  120.388797   23.188830  3000.07 
  840.82 14 19 00.82  714.00   16.97  -19.37    6.93    3.44    0.57    3.49  260.59    3.49     2966  120.388945   23.188848  3010.27 
  844.77 14 19 04.76  713.00   16.99  -24.70    4.31    3.10    0.58    3.16  259.31    3.60     2978  120.389083   23.188870  3020.49 
  848.84 14 19 08.83  712.00   17.00  -25.43    4.03    2.81    0.35    2.83  263.07    4.23     2990  120.389201   23.188890  3031.35 
  852.83 14 19 12.83  711.00   17.01  -25.16    4.13    3.65   -0.26    3.66  274.07    6.47     3002  120.389333   23.188881  3043.25 
  856.69 14 19 16.69  710.00   17.00  -24.30    4.48    3.29   -0.32    3.30  275.59    3.48     3014  120.389468   23.188863  3056.33 
  860.66 14 19 20.66  709.00   16.98  -24.24    4.50    2.64    0.10    2.64  267.86    2.87     3025  120.389580   23.188857  3068.57 
  864.60 14 19 24.59  708.00   16.97  -23.41    4.84    3.34    0.76    3.42  257.25    2.58     3037  120.389688   23.188886  3080.46 
  868.61 14 19 28.60  707.00   16.93  -20.93    6.07    2.88    0.98    3.04  251.29    3.03     3049  120.389808   23.188926  3091.81 
  872.71 14 19 32.71  706.00   16.94  -24.17    4.53    2.60    0.88    2.75  251.36    5.79     3061  120.389913   23.188969  3103.54 
  876.52 14 19 36.52  705.00   16.94  -22.27    5.58    2.46   -0.02    2.46  270.13    3.62     3073  120.389996   23.188980  3115.04 
  880.25 14 19 40.24  704.00   16.93  -25.36    4.07    2.62    0.29    2.64  263.73    3.79     3085  120.390097   23.188990  3126.33 
  884.14 14 19 44.14  703.00   16.86  -26.27    3.77    2.78    1.69    3.25  238.69    2.67     3096  120.390184   23.189021  3138.21 
  888.24 14 19 48.24  702.00   16.82  -24.64    4.38    2.48    1.74    3.03  235.02    4.28     3108  120.390291   23.189085  3150.98 
  891.94 14 19 51.93  701.00   16.78  -24.47    4.46    2.21    1.29    2.56  239.76    2.89     3120  120.390379   23.189139  3162.02 
  896.20 14 19 56.20  700.00   16.75  -22.46    5.34    2.47    1.51    2.90  238.52    2.47     3131  120.390476   23.189184  3175.88 
  900.53 14 20 00.52  699.00   16.72  -23.55    5.07    2.53    1.35    2.87  241.86    3.14     3143  120.390586   23.189241  3187.48 
  904.40 14 20 04.40  698.00   16.62  -22.11    5.78    2.51    1.12    2.74  245.96    2.80     3154  120.390668   23.189274  3199.77 
  908.53 14 20 08.52  697.00   16.64  -20.80    6.79    3.94    1.40    4.18  250.43    3.51     3167  120.390811   23.189325  3212.40 
  912.55 14 20 12.54  696.00   16.65  -25.43    4.13    3.01    1.51    3.37  243.31    2.61     3179  120.390952   23.189385  3224.01 
  916.50 14 20 16.50  695.00   16.64  -23.32    5.11    3.38    1.78    3.82  242.30    3.18     3191  120.391075   23.189450  3236.54 
  920.52 14 20 20.51  694.00   16.62  -22.61    5.95    3.33    1.44    3.63  246.52    3.29     3203  120.391201   23.189510  3247.05 
  924.81 14 20 24.80  693.00   16.61  -26.41    3.79    3.78    1.44    4.04  249.19    2.33     3215  120.391342   23.189576  3259.11 
  929.36 14 20 29.35  692.00   16.59  -22.12    6.05    3.05    1.98    3.63  237.00    2.25     3227  120.391497   23.189657  3271.66 
  933.32 14 20 33.31  691.00   16.49  -22.68    5.44    3.09    1.84    3.60  239.00    3.19     3238  120.391603   23.189736  3283.70 
  937.22 14 20 37.22  690.00   16.36  -24.44    4.60    3.49    1.90    3.97  241.40    3.03     3249  120.391737   23.189802  3295.20 
  941.56 14 20 41.55  689.00   16.39  -22.78    5.41    4.45    2.30    5.00  242.66    3.15     3262  120.391908   23.189881  3306.49 
  945.92 14 20 45.91  688.00   16.39  -22.29    5.54    3.69    2.22    4.30  239.00    2.57     3274  120.392077   23.189958  3319.04 
  950.39 14 20 50.38  687.00   16.29  -20.49    6.52    4.10    1.95    4.55  244.56    2.67     3285  120.392229   23.190048  3330.44 
  954.72 14 20 54.72  686.00   16.28  -18.78    7.56    5.28    1.69    5.55  252.25    3.31     3298  120.392453   23.190104  3343.91 
  959.23 14 20 59.23  685.00   16.20  -17.85    8.23    3.78    1.89    4.22  243.49    3.68     3309  120.392649   23.190185  3357.09 
  963.32 14 21 03.32  684.00   16.17  -17.97    8.16    4.54    0.98    4.64  257.82    2.54     3321  120.392823   23.190223  3368.13 
  967.35 14 21 07.35  683.00   16.09  -17.52    8.51    5.18    1.56    5.41  253.30    3.62     3333  120.393008   23.190275  3379.57 
  971.43 14 21 11.42  682.00   16.05  -15.98    9.75    5.63    1.68    5.87  253.40    3.19     3344  120.393226   23.190334  3390.63 
  975.94 14 21 15.93  681.00   16.02  -17.38    8.67    5.20    1.29    5.36  256.09    2.95     3357  120.393457   23.190399  3403.23 
  980.46 14 21 20.46  680.00   15.94  -19.00    7.59    4.50    1.65    4.79  249.89    2.93     3368  120.393673   23.190459  3414.06 
  984.70 14 21 24.69  679.00   15.81  -19.04    7.62    6.52    0.64    6.55  264.41    2.24     3379  120.393892   23.190500  3428.10 
  988.91 14 21 28.90  678.00   15.75  -18.07    8.30    6.73    1.18    6.83  260.06    3.45     3391  120.394174   23.190529  3440.62 
  992.57 14 21 32.56  677.00   15.68  -17.92    8.46    5.74    0.70    5.78  263.05    3.03     3403  120.394388   23.190566  3451.46 
  996.31 14 21 36.31  676.00   15.59  -15.84   10.12    6.99    0.96    7.05  262.23    3.10     3414  120.394605   23.190593  3465.07 
 1000.43 14 21 40.42  675.00   15.50  -13.27   12.78    6.28    0.64    6.32  264.25    2.51     3425  120.394886   23.190620  3476.81 
 1004.68 14 21 44.68  674.00   15.49  -12.37   13.58    6.60   -1.13    6.70  279.68    3.01     3438  120.395148   23.190586  3489.33 
 1009.15 14 21 49.15  673.00   15.40  -11.66   14.41    7.54   -0.29    7.54  272.22    2.91     3449  120.395452   23.190548  3502.94 
 1013.30 14 21 53.30  672.00   15.36  -10.20   16.21    7.89   -0.40    7.90  272.95    3.23     3461  120.395771   23.190537  3514.82 
 1018.15 14 21 58.14  671.00   15.29   -6.86   21.12    7.38   -0.93    7.44  277.16    2.29     3473  120.396130   23.190509  3529.05 
 1022.22 14 22 02.22  670.00   15.19   -4.82   24.85    7.49   -0.60    7.52  274.61    2.40     3485  120.396436   23.190468  3541.32 
 1026.40 14 22 06.39  669.00   15.08   -2.71   29.28    8.01   -0.90    8.06  276.39    3.25     3496  120.396732   23.190430  3553.78 
 1030.80 14 22 10.80  668.00   15.00   -1.52   32.15    7.44   -1.55    7.60  281.81    5.44     3508  120.397075   23.190383  3565.73 
 1035.41 14 22 15.40  667.00   14.98   -0.74   34.05    7.23   -1.55    7.39  282.13    2.55     3520  120.397388   23.190312  3578.28 
 1039.48 14 22 19.47  666.00   14.85   -0.14   35.88    7.22   -0.86    7.27  276.80    2.80     3531  120.397673   23.190265  3589.94 
 1043.31 14 22 23.30  665.00   14.75    0.88   38.98    7.87   -0.74    7.91  275.35    3.99     3542  120.397944   23.190240  3601.62 
 1047.99 14 22 27.99  664.00   14.73   -0.66   34.81    7.45   -2.54    7.88  288.84    2.94     3555  120.398289   23.190180  3613.49 
 1052.45 14 22 32.44  663.00   14.61   -0.55   35.37    7.31   -1.83    7.53  284.01    2.52     3566  120.398627   23.190081  3627.22 
 1056.81 14 22 36.81  662.00   14.51   -0.46   35.84    6.04   -1.31    6.18  282.27    2.04     3578  120.398901   23.190032  3639.72 
 1061.17 14 22 41.16  661.00   14.43   -0.47   35.97    7.52   -2.25    7.85  286.65    2.56     3589  120.399193   23.189957  3651.74 
 1065.26 14 22 45.26  660.00   14.35   -0.09   37.24    7.50   -2.31    7.86  287.24    2.72     3601  120.399498   23.189867  3665.48 
 1069.22 14 22 49.21  659.00   14.18   -0.07   37.68    7.07   -1.74    7.28  283.81    4.03     3612  120.399775   23.189812  3677.59 
 1073.45 14 22 53.45  658.00   13.97   -0.46   37.12    7.25   -1.54    7.42  281.98    3.49     3622  120.400076   23.189755  3689.79 
 1077.84 14 22 57.83  657.00   13.90   -0.59   36.93    7.28   -1.42    7.42  281.03    2.60     3634  120.400397   23.189682  3702.78 
 1082.05 14 23 02.05  656.00   13.81   -0.52   37.32    6.78   -1.49    6.94  282.39    2.77     3646  120.400683   23.189619  3716.02 
 1086.50 14 23 06.49  655.00   13.73   -0.64   37.20    6.96   -1.34    7.08  280.82    2.42     3657  120.400975   23.189563  3729.79 
 1090.68 14 23 10.68  654.00   13.67   -0.63   37.36    7.81   -2.38    8.17  286.83    3.29     3669  120.401281   23.189486  3741.07 
 1094.62 14 23 14.62  653.00   13.59    0.26   40.10    8.15   -2.26    8.46  285.62    3.33     3681  120.401590   23.189398  3752.13 
 1098.84 14 23 18.84  652.00   13.52   -0.25   38.80    6.24   -1.24    6.36  281.25    2.85     3693  120.401881   23.189342  3766.01 
 1102.79 14 23 22.78  651.00   13.34   -0.49   38.59    7.58   -2.35    7.94  287.24    2.73     3704  120.402135   23.189274  3779.70 
 1107.15 14 23 27.14  650.00   13.26    1.14   43.67    6.45   -1.40    6.60  282.29    3.19     3716  120.402459   23.189197  3793.57 
 1111.79 14 23 31.78  649.00   13.22   -0.44   39.00    5.78   -2.08    6.15  289.79    5.82     3728  120.402738   23.189114  3806.24 
 1115.95 14 23 35.95  648.00   13.02   -0.40   39.65    8.56   -2.55    8.94  286.60    3.08     3738  120.403026   23.189011  3817.54 
 1120.21 14 23 40.20  647.00   12.99   -0.57   39.23    8.04   -1.16    8.12  278.22    3.17     3751  120.403397   23.188958  3829.50 
 1124.34 14 23 44.33  646.00   12.92   -0.88   38.54    6.20   -1.34    6.34  282.16    3.15     3763  120.403680   23.188923  3842.41 
 1128.67 14 23 48.66  645.00   12.76   -0.88   38.93    7.66   -2.63    8.10  288.86    2.49     3774  120.403973   23.188840  3854.52 
 1132.90 14 23 52.90  644.00   12.66   -0.87   39.24    7.29   -2.05    7.57  285.68    1.92     3786  120.404293   23.188762  3868.24 
 1137.30 14 23 57.29  643.00   12.62   -1.00   38.98    7.12   -2.37    7.50  288.41    2.56     3798  120.404631   23.188684  3879.69 
 1142.26 14 24 02.26  642.00   12.43   -0.88   39.77    8.11   -0.46    8.13  273.25    1.73     3809  120.404991   23.188637  3894.41 
 1145.82 14 24 05.81  641.00   12.35   -0.93   39.89    9.24   -1.97    9.45  282.04    3.55     3821  120.405303   23.188584  3906.50 
 1148.56 14 24 08.55  640.00   11.98   -0.68   41.63    7.66   -0.93    7.72  276.86    4.19     3829  120.405519   23.188550  3918.65 
 1151.31 14 24 11.31  639.00   11.75   -0.70   42.16    8.02    0.05    8.02  269.66    4.56     3839  120.405732   23.188540  3931.03 
 1154.62 14 24 14.61  638.00   11.49   -0.46   43.68    9.15    0.78    9.19  265.18    2.57     3848  120.406016   23.188550  3945.17 
 1158.33 14 24 18.32  637.00   11.38   -1.03   42.17    7.39   -0.11    7.39  270.91    2.66     3860  120.406330   23.188560  3958.35 
 1162.47 14 24 22.47  636.00   11.27   -0.78   43.28    6.59   -0.14    6.59  271.24    1.31     3872  120.406598   23.188560  3973.09 
 1166.31 14 24 26.30  635.00   11.08   -1.32   42.13    8.57   -0.52    8.58  273.46    2.14     3882  120.406868   23.188550  3984.67 
 1170.66 14 24 30.65  634.00   10.99   -1.67   41.33    8.25    0.51    8.27  266.40    3.52     3894  120.407242   23.188557  3994.76 
 1174.90 14 24 34.90  633.00   10.96   -2.59   38.65    6.72   -0.05    6.72  270.48    2.66     3907  120.407563   23.188570  4006.98 
 1178.64 14 24 38.63  632.00   10.86   -2.72   38.59    7.81   -0.83    7.86  275.98    2.64     3919  120.407821   23.188550  4020.53 
 1183.22 14 24 43.22  631.00   10.88   -3.75   35.69    8.89    0.17    8.90  268.88    2.89     3932  120.408228   23.188512  4032.70 
 1187.23 14 24 47.23  630.00   10.88   -4.10   34.74    7.34    0.12    7.34  269.04    3.92     3945  120.408519   23.188530  4045.94 
 1191.12 14 24 51.11  629.00   10.77   -4.77   33.27    8.64   -0.66    8.66  274.36    3.60     3957  120.408820   23.188509  4059.07 
 1195.49 14 24 55.48  628.00   10.65   -4.93   33.15    8.47    0.23    8.48  268.30    1.82     3968  120.409189   23.188505  4070.96 
 1200.04 14 25 00.03  627.00   10.51   -5.01   33.25    7.18    1.08    7.26  261.44    2.17     3980  120.409543   23.188550  4086.30 
 1204.35 14 25 04.34  626.00   10.35   -4.56   34.80    8.33   -0.51    8.35  273.50    1.69     3991  120.409868   23.188540  4101.43 
 1208.78 14 25 08.78  625.00   10.16   -3.68   37.64    8.13   -0.26    8.13  271.78    2.22     4001  120.410215   23.188540  4113.31 
 1213.48 14 25 13.47  624.00   10.20   -5.28   33.26    6.90   -0.25    6.91  272.17    2.67     4015  120.410553   23.188530  4126.06 
 1218.53 14 25 18.52  623.00   10.14   -4.83   34.54    8.25    0.15    8.26  268.95    2.73     4028  120.410952   23.188540  4138.33 
 1223.82 14 25 23.82  622.00   10.22   -4.81   34.40    9.96    0.08    9.96  269.58    3.21     4042  120.411432   23.188540  4150.69 
 1228.97 14 25 28.97  621.00   10.21   -5.22   33.38    8.01   -0.02    8.01  270.14    1.63     4055  120.411848   23.188540  4164.98 
 1234.00 14 25 34.00  620.00   10.05   -4.51   35.60    7.99    0.48    8.00  266.57    1.93     4066  120.412210   23.188560  4179.65 
 1238.77 14 25 38.77  619.00    9.90   -4.80   35.19    8.58    0.24    8.59  268.39    2.69     4078  120.412612   23.188570  4193.36 
 1243.66 14 25 43.66  618.00    9.76   -5.58   33.47    9.03    0.58    9.06  266.42    2.83     4089  120.413040   23.188597  4206.77 
 1248.58 14 25 48.57  617.00    9.54   -5.50   34.16    7.34    0.58    7.37  265.47    1.90     4099  120.413421   23.188626  4218.65 
 1253.22 14 25 53.22  616.00    9.38   -4.71   36.68    8.26    0.56    8.28  266.14    2.09     4110  120.413770   23.188650  4231.96 
 1258.22 14 25 58.22  615.00    9.32   -5.26   35.33    8.45   -0.86    8.50  275.86    2.00     4123  120.414188   23.188638  4245.10 
 1262.78 14 26 02.77  614.00    9.15   -4.71   37.26    8.09    0.68    8.12  265.21    2.61     4134  120.414552   23.188648  4255.31 
 1267.92 14 26 07.92  613.00    9.09   -4.99   36.62    7.94    1.51    8.09  259.22    2.78     4147  120.414964   23.188709  4268.25 
 1273.17 14 26 13.16  612.00    8.97   -4.44   38.49    9.12   -0.22    9.12  271.39    2.64     4159  120.415405   23.188730  4282.66 
 1277.95 14 26 17.94  611.00    8.81   -5.12   36.95    8.30   -0.10    8.30  270.65    3.10     4170  120.415786   23.188749  4295.34 
 1282.67 14 26 22.67  610.00    8.71   -4.86   38.01    7.84    0.61    7.86  265.57    3.32     4182  120.416154   23.188777  4307.19 
 1287.97 14 26 27.97  609.00    8.65   -5.63   35.94    7.95    0.56    7.97  266.00    4.06     4194  120.416548   23.188800  4320.15 
 1292.86 14 26 32.85  608.00    8.55   -5.60   36.28    7.29    0.49    7.31  266.13    3.30     4206  120.416929   23.188810  4333.06 
 1297.65 14 26 37.65  607.00    8.33   -5.10   38.24    7.94   -0.30    7.95  272.15    2.58     4217  120.417252   23.188800  4345.30 
 1302.75 14 26 42.75  606.00    8.23   -5.39   37.72    8.47   -0.19    8.47  271.26    2.65     4229  120.417680   23.188792  4359.29 
 1307.34 14 26 47.34  605.00    8.04   -6.00   36.41    6.25    1.38    6.40  257.58    2.26     4240  120.418001   23.188833  4372.63 
 1312.49 14 26 52.49  604.00    7.84   -5.22   39.18    7.35   -0.79    7.39  276.11    2.24     4250  120.418365   23.188840  4387.47 
 1316.93 14 26 56.92  603.00    7.62   -5.68   38.39    7.25    1.11    7.34  261.29    4.48     4261  120.418695   23.188850  4400.65 
 1321.34 14 27 01.34  602.00    7.47   -5.52   39.27    8.16    0.28    8.16  268.05    2.83     4272  120.419027   23.188880  4414.68 
 1325.77 14 27 05.76  601.00    7.44   -5.70   38.84    9.35    0.53    9.36  266.77    2.77     4285  120.419399   23.188908  4426.35 
 1330.73 14 27 10.73  600.00    7.38   -5.92   38.30    7.88    0.05    7.88  269.61    2.62     4298  120.419789   23.188920  4442.65 
 1335.48 14 27 15.48  599.00    7.28   -5.80   38.94    7.22   -0.03    7.22  270.28    2.52     4310  120.420124   23.188920  4457.06 
 1340.27 14 27 20.27  598.00    7.08   -4.87   42.39    8.22    0.32    8.23  267.76    2.39     4321  120.420502   23.188933  4471.44 
 1345.52 14 27 25.52  597.00    6.99   -5.31   41.21    8.00    0.65    8.03  265.37    2.50     4333  120.420912   23.188965  4484.96 
 1350.98 14 27 30.98  596.00    6.86   -5.54   40.86    7.36    0.54    7.38  265.80    2.50     4345  120.421329   23.188980  4501.23 
 1355.50 14 27 35.50  595.00    6.72   -6.19   39.25    8.49    1.08    8.56  262.75    1.79     4357  120.421660   23.189045  4512.70 
 1360.08 14 27 40.08  594.00    6.71   -6.37   38.76    7.88   -0.89    7.93  276.42    3.07     4370  120.422017   23.189040  4524.61 
 1364.98 14 27 44.97  593.00    6.60   -6.18   39.62    7.17   -0.15    7.17  271.16    2.95     4382  120.422358   23.189030  4536.82 
 1370.08 14 27 50.07  592.00    6.45   -5.31   42.77    6.77    1.27    6.89  259.34    3.18     4394  120.422716   23.189081  4549.66 
 1375.10 14 27 55.09  591.00    6.35   -6.32   39.89    7.11   -0.36    7.12  272.87    2.15     4406  120.423086   23.189089  4562.95 
 1380.34 14 28 00.33  590.00    6.26   -6.27   40.30    7.18    0.72    7.21  264.27    3.09     4419  120.423443   23.189103  4577.45 
 1385.83 14 28 05.82  589.00    6.07   -5.93   41.87    7.51    0.31    7.51  267.63    2.70     4430  120.423858   23.189130  4592.63 
 1390.33 14 28 10.33  588.00    6.02   -6.76   39.43    7.70   -0.59    7.72  274.39    2.69     4443  120.424197   23.189110  4605.50 
 1395.71 14 28 15.71  587.00    5.97   -6.83   39.41    8.52   -0.74    8.55  274.95    3.50     4456  120.424637   23.189110  4617.70 
 1401.02 14 28 21.01  586.00    5.86   -7.22   38.48    7.91   -0.88    7.96  276.37    1.88     4468  120.425021   23.189070  4630.13 
 1406.38 14 28 26.38  585.00    5.77   -8.39   35.40   10.07   -1.58   10.19  278.90    2.16     4480  120.425488   23.188996  4641.79 
 1411.48 14 28 31.47  584.00    5.68   -9.62   32.35    9.15   -1.75    9.31  280.83    2.46     4493  120.425973   23.188925  4657.03 
 1416.38 14 28 36.37  583.00    5.54  -12.43   26.14    9.36   -2.18    9.61  283.08    2.87     4505  120.426414   23.188852  4672.71 
 1421.53 14 28 41.52  582.00    5.45  -15.77   20.01   11.23   -2.45   11.50  282.31    2.19     4517  120.426938   23.188759  4685.58 
 1426.72 14 28 46.71  581.00    5.52  -23.47   10.29   10.36   -2.32   10.62  282.61    3.62     4532  120.427482   23.188646  4698.57 
 1432.18 14 28 52.17  580.00    5.63  -26.79    7.66   11.36   -2.11   11.55  280.51    3.41     4548  120.428040   23.188566  4712.23 
 1437.37 14 28 57.37  579.00    5.75  -31.25    4.94   10.75   -3.27   11.23  286.92    3.48     4564  120.428581   23.188439  4727.04 
 1442.47 14 29 02.46  578.00    5.77  -31.23    5.03    9.47   -2.32    9.75  283.77    2.57     4579  120.429082   23.188325  4742.14 
 1447.60 14 29 07.60  577.00    5.82  -36.24    3.09   10.26   -2.00   10.45  281.02    3.85     4594  120.429590   23.188228  4754.54 
 1453.36 14 29 13.35  576.00    5.94  -41.06    1.83   10.06   -2.43   10.35  283.60    3.20     4610  120.430176   23.188113  4769.38 
 1458.59 14 29 18.58  575.00    5.99  -40.05    2.28    9.53   -2.30    9.81  283.52    3.42     4625  120.430673   23.188008  4780.99 
 1463.60 14 29 23.60  574.00    5.98  -34.56    3.54   11.32   -2.73   11.65  283.52    3.71     4639  120.431186   23.187902  4795.33 
 1468.84 14 29 28.83  573.00    6.08  -44.12    1.32    9.95   -4.29   10.84  293.33    2.92     4655  120.431734   23.187747  4810.22 
 1473.91 14 29 33.90  572.00    6.14  -51.57    0.61   10.76   -2.95   11.16  285.36    3.37     4670  120.432221   23.187572  4823.11 
 1479.25 14 29 39.24  571.00    5.99  -41.64    2.00   10.22   -2.86   10.61  285.67    2.37     4682  120.432745   23.187433  4838.16 
 1484.25 14 29 44.25  570.00    5.93  -30.49    5.36   10.52   -2.33   10.77  282.47    3.40     4695  120.433255   23.187325  4851.47 
 1489.68 14 29 49.67  569.00    5.76  -37.92    3.27   10.36   -3.06   10.81  286.43    3.43     4707  120.433798   23.187180  4865.06 
 1494.76 14 29 54.75  568.00    5.85  -50.66    0.73    9.56   -3.96   10.35  292.50    2.40     4722  120.434298   23.187000  4878.56 
 1500.04 14 30 00.03  567.00    5.77  -42.84    1.54   10.50   -3.44   11.05  288.14    3.35     4735  120.434824   23.186829  4893.44 
 1505.86 14 30 05.86  566.00    5.84  -60.42    0.20   10.63   -3.87   11.31  290.03    7.05     4751  120.435435   23.186625  4910.04 
 1511.03 14 30 11.02  565.00    5.77  -36.98    2.81    9.50   -2.93    9.95  287.16    3.76     4764  120.435943   23.186469  4922.68 
 1515.92 14 30 15.92  564.00    5.72  -52.81    0.50    9.57   -4.26   10.48  294.02    4.29     4778  120.436405   23.186323  4935.60 
 1520.86 14 30 20.85  563.00    5.59  -54.75    0.40   10.44   -4.27   11.28  292.22    2.32     4790  120.436916   23.186126  4950.30 
 1526.18 14 30 26.17  562.00    5.55  -46.18    1.20   10.07   -3.20   10.57  287.64    2.49     4804  120.437428   23.185955  4964.24 
 1531.36 14 30 31.35  561.00    5.39  -55.14    0.41    9.93   -3.18   10.44  287.77    6.79     4816  120.437966   23.185809  4979.05 
 1536.48 14 30 36.48  560.00    5.28  -33.39    4.36    9.87   -4.44   10.82  294.23    2.53     4828  120.438474   23.185635  4994.05 
 1541.89 14 30 41.89  559.00    5.18  -65.22    0.11   10.17   -3.96   10.92  291.26    1.99     4841  120.439009   23.185434  5008.34 
 1547.39 14 30 47.38  558.00    5.08  -48.96    0.87   10.66   -3.96   11.37  290.38    2.31     4854  120.439589   23.185248  5024.39 
 1552.50 14 30 52.49  557.00    5.03  -37.55    3.36   11.20   -4.14   11.94  290.27    2.86     4868  120.440125   23.185065  5037.55 
 1557.22 14 30 57.21  556.00    4.93  -65.31    0.12   10.30   -3.93   11.03  290.91    2.90     4881  120.440611   23.184912  5049.50 
 1562.56 14 31 02.56  555.00    4.75  -62.29    0.19    9.85   -3.59   10.49  290.01    2.10     4892  120.441130   23.184728  5063.14 
 1567.79 14 31 07.79  554.00    4.66  -34.66    4.47   11.54   -4.62   12.43  291.82    2.55     4905  120.441677   23.184538  5078.79 
 1572.80 14 31 12.80  553.00    4.57  -66.09    0.10   10.68   -4.84   11.73  294.40    8.88     4919  120.442196   23.184322  5092.64 
 1577.77 14 31 17.76  552.00    4.43  -40.13    2.59   10.62   -4.40   11.50  292.53    7.49     4931  120.442715   23.184110  5108.36 
 1582.43 14 31 22.43  551.00    4.36  -54.70    0.47   12.00   -4.33   12.76  289.84    4.45     4944  120.443239   23.183933  5121.36 
 1587.12 14 31 27.12  550.00    4.26  -65.56    0.15   11.81   -4.34   12.58  290.17   13.75     4957  120.443763   23.183754  5134.87 
 1592.83 14 31 32.83  549.00    4.20  -33.96    4.25   11.42   -4.94   12.45  293.40    1.64     4971  120.444371   23.183487  5151.12 
 1598.51 14 31 38.50  548.00    4.17  -58.74    0.28    9.98   -4.79   11.08  295.66    5.38     4985  120.444973   23.183235  5167.99 
 1603.65 14 31 43.65  547.00    4.02  -61.70    0.21   10.58   -4.70   11.59  294.11   16.97     4997  120.445529   23.183012  5182.37 
 1608.80 14 31 48.80  546.00    3.88  -64.65    0.14   11.18   -4.62   12.10  292.56   28.56     5010  120.446085   23.182789  5196.76 
 1614.06 14 31 54.06  545.00    3.71  -40.25    2.38   10.86   -5.05   11.98  294.94    3.86     5021  120.446656   23.182568  5212.62 
 1619.05 14 31 59.04  544.00    3.52  -45.19    1.43   10.73   -5.20   11.93  295.85    6.23     5033  120.447185   23.182350  5227.32 
 1624.19 14 32 04.18  543.00    3.30  -42.01    2.01   11.43   -5.60   12.73  296.08   15.45     5044  120.447750   23.182126  5241.93 
 1628.89 14 32 08.88  542.00    3.20  -50.63    0.81   11.39   -5.05   12.46  293.91    4.96     5057  120.448269   23.181907  5254.17 
 1634.34 14 32 14.34  541.00    2.95  -54.95    0.81   11.40   -4.48   12.25  291.44   10.28     5068  120.448878   23.181646  5269.07 
 1639.37 14 32 19.36  540.00    2.91  -47.68    1.10   11.23   -4.62   12.14  292.36    3.24     5082  120.449430   23.181442  5282.12 
 1644.25 14 32 24.25  539.00    2.77  -47.76    1.10   11.47   -4.97   12.50  293.40   14.44     5094  120.449968   23.181197  5294.97 
 1648.73 14 32 28.73  538.00    2.61  -41.52    2.34   11.49   -4.92   12.50  293.16    8.63     5106  120.450460   23.180981  5307.06 
 1653.97 14 32 33.97  537.00    2.54  -48.29    1.28   11.55   -5.67   12.88  296.08    9.87     5120  120.451067   23.180724  5323.75 
 1659.17 14 32 39.16  536.00    2.46  -55.38    0.53   11.64   -6.60   13.38  299.54   19.75     5134  120.451688   23.180450  5339.78 
 1664.51 14 32 44.50  535.00    2.44  -44.65    2.07   11.90   -6.68   13.65  299.29    2.39     5148  120.452286   23.180139  5355.28 
 1670.13 14 32 50.13  534.00    2.43  -54.89    0.50   10.77   -5.26   11.98  296.06    1.85     5163  120.452935   23.179873  5370.04 
 1674.88 14 32 54.88  533.00    2.24  -60.36    0.32   11.58   -4.93   12.61  293.26   12.79     5175  120.453475   23.179636  5384.89 
 1679.63 14 32 59.62  532.00    2.05  -65.82    0.15   12.39   -4.60   13.23  290.45   23.73     5186  120.454014   23.179399  5399.74 
 1684.12 14 33 04.12  531.00    1.91  -52.49    1.04   13.37   -4.63   14.15  289.17    7.97     5199  120.454565   23.179195  5416.03 
 1688.46 14 33 08.45  530.00    1.69  -49.20    1.71   12.61   -6.02   13.97  295.51    7.48     5210  120.455072   23.178969  5430.92 
 1693.34 14 33 13.33  529.00    1.60  -32.98    5.60   12.84   -5.63   14.03  293.67    2.90     5223  120.455670   23.178717  5446.96 
 1698.13 14 33 18.12  528.00    1.48  -48.39    1.22   11.16   -5.83   12.59  297.59    7.83     5236  120.456214   23.178484  5460.10 
 1703.30 14 33 23.29  527.00    1.38  -48.57    1.17   12.88   -5.48   14.00  293.04    2.23     5250  120.456835   23.178225  5473.60 
 1707.97 14 33 27.96  526.00    1.24  -56.45    0.74   13.20   -5.12   14.16  291.19   11.74     5262  120.457423   23.178018  5488.91 
 1713.62 14 33 33.61  525.00    1.13  -63.15    0.25   12.81   -4.92   13.72  291.00    2.54     5276  120.458131   23.177775  5504.83 
 1718.73 14 33 38.73  524.00    1.09  -38.23    3.57   13.08   -6.12   14.44  295.09    1.74     5290  120.458785   23.177513  5518.92 
 1723.86 14 33 43.86  523.00    1.00  -41.94    2.39   13.91   -4.93   14.76  289.51    2.73     5304  120.459461   23.177256  5533.93 
 1728.85 14 33 48.84  522.00    0.90  -58.49    0.41   13.58   -5.59   14.69  292.39    7.04     5317  120.460147   23.177025  5548.43 
 1734.21 14 33 54.21  521.00    0.78  -66.82    0.14   13.89   -5.42   14.91  291.33   17.89     5330  120.460891   23.176750  5565.73 
 1739.52 14 33 59.52  520.00    0.61  -63.02    0.20   13.88   -5.74   15.02  292.45    2.12     5342  120.461613   23.176494  5580.05 
 1745.28 14 34 05.28  519.00    0.50  -68.17    0.10   13.82   -6.03   15.07  293.57    3.06     5356  120.462367   23.176186  5594.03 
 1750.85 14 34 10.85  518.00    0.43  -42.75    2.26   14.38   -6.42   15.75  294.04    2.72     5370  120.463121   23.175879  5608.70 
 1756.41 14 34 16.41  517.00    0.25  -39.36    3.31   14.16   -5.82   15.31  292.34    2.45     5382  120.463888   23.175589  5624.57 
 1761.89 14 34 21.88  516.00    0.11  -49.54    1.09   15.74   -4.58   16.40  286.23    3.28     5394  120.464683   23.175314  5639.51 
 1767.14 14 34 27.14  515.00    0.10  -63.28    0.20   15.37   -6.07   16.52  291.55    3.71     5410  120.465461   23.175063  5653.20 
 1772.62 14 34 32.62  514.00   -0.00  -62.48    0.23   15.25   -5.63   16.27  290.19   16.41     5423  120.466272   23.174780  5669.09 
 1778.10 14 34 38.10  513.00   -0.10  -61.69    0.26   15.14   -5.18   16.01  288.83   29.12     5437  120.467083   23.174498  5684.98 
 1783.58 14 34 43.58  512.00   -0.20  -60.89    0.28   15.02   -4.74   15.76  287.47   41.83     5451  120.467895   23.174216  5700.88 
 1789.26 14 34 49.25  511.00   -0.29  -55.63    0.55   14.72   -4.32   15.34  286.36    1.90     5465  120.468718   23.173960  5716.24 
 1795.02 14 34 55.01  510.00   -0.44  -53.42    1.22   15.94   -3.53   16.33  282.48    5.19     5477  120.469578   23.173760  5730.53 
 1801.35 14 35 01.35  509.00   -0.48  -48.25    1.35   15.67   -3.05   15.97  281.03    8.40     5492  120.470541   23.173578  5747.06 
 1806.89 14 35 06.89  508.00   -0.51  -45.23    1.84   15.11   -2.82   15.37  280.58    5.15     5507  120.471370   23.173423  5762.10 
 1812.91 14 35 12.90  507.00   -0.55  -54.74    0.63   15.72   -2.42   15.90  278.72    8.03     5522  120.472252   23.173292  5777.80 
 1818.27 14 35 18.26  506.00   -0.59  -52.63    0.80   16.48   -2.28   16.64  277.90    3.62     5537  120.473101   23.173164  5792.87 
 1824.02 14 35 24.02  505.00   -0.59  -52.23    0.85   14.66   -3.42   15.06  283.13   15.01     5553  120.473965   23.173021  5808.20 
 1829.80 14 35 29.80  504.00   -0.57  -49.98    1.10   14.72   -3.32   15.09  282.70   22.25     5569  120.474788   23.172853  5822.47 
 1835.78 14 35 35.78  503.00   -0.53  -54.91    1.00   15.00   -4.09   15.55  285.26    8.90     5586  120.475667   23.172656  5837.20 
 1841.16 14 35 41.16  502.00   -0.53  -61.01    0.29   14.69   -4.58   15.40  287.33   22.17     5601  120.476433   23.172430  5852.93 
 1846.40 14 35 46.39  501.00   -0.56  -61.60    0.27   14.56   -4.94   15.41  288.74   35.41     5617  120.477166   23.172204  5868.58 
 1851.63 14 35 51.63  500.00   -0.58  -62.20    0.25   14.44   -5.30   15.42  290.15   48.64     5632  120.477898   23.171978  5884.23 
 1856.87 14 35 56.86  499.00   -0.61  -62.79    0.23   14.32   -5.66   15.43  291.56   61.88     5648  120.478631   23.171752  5899.89 
 1862.10 14 36 02.09  498.00   -0.64  -63.38    0.21   14.20   -6.02   15.43  292.97   75.12     5663  120.479364   23.171525  5915.54 
 1867.49 14 36 07.48  497.00   -0.68  -63.22    0.23   14.18   -6.25   15.50  293.78   84.93     5678  120.480102   23.171262  5931.21 
 1873.07 14 36 13.06  496.00   -0.73  -62.13    0.28   14.29   -6.32   15.62  293.84   90.49     5693  120.480848   23.170954  5946.90 
 1878.65 14 36 18.64  495.00   -0.79  -61.03    0.34   14.40   -6.38   15.75  293.90   96.05     5708  120.481594   23.170645  5962.60 
 1884.23 14 36 24.22  494.00   -0.85  -59.94    0.40   14.51   -6.45   15.88  293.96  101.61     5723  120.482340   23.170337  5978.30 
 1889.81 14 36 29.80  493.00   -0.91  -58.84    0.45   14.62   -6.52   16.01  294.02  107.17     5738  120.483086   23.170028  5993.99 
 1895.39 14 36 35.38  492.00   -0.97  -57.75    0.51   14.73   -6.59   16.14  294.08  112.72     5753  120.483832   23.169719  6009.69 
 1900.97 14 36 40.96  491.00   -1.02  -56.66    0.57   14.84   -6.66   16.27  294.15  118.28     5768  120.484578   23.169411  6025.38 
 1906.55 14 36 46.54  490.00   -1.08  -55.56    0.62   14.95   -6.72   16.40  294.21  123.84     5783  120.485323   23.169102  6041.08 
 1912.12 14 36 52.12  489.00   -1.14  -54.47    0.68   15.06   -6.79   16.52  294.27  129.40     5798  120.486069   23.168794  6056.78 
 1917.70 14 36 57.70  488.00   -1.20  -53.37    0.74   15.17   -6.86   16.65  294.33  134.96     5813  120.486815   23.168485  6072.47 
