Data Type/Direction:                       StormTracker/Ascending
File Format/Version:                       EOL Sounding Format/1.1
Project Name/Platform:                     unknown/StormTracker
Launch Site:                               unknown
Launch Location (lon,lat,alt):             120.37646635053585, 23.18601, 79.7679221725106
UTC Launch Time (y,m,d,h,m,s):             2021, 04, 02, 08:59:59
Sonde Id/Sonde Type:                       unknown/StormTracker/
Reference Launch Data Source/Time:         unknown/unknown
System Operator/Comments:                  SOUNDING IN EOL FORMAT/
Post Processing Comments:                  AIQC_process_v2.1_L2; Created on 10 Dec 2021 08:44 UTC  
/
  Time   -- UTC  --   Press    Temp   Dewpt    RH     Uwind   Vwind   Wspd     Dir     dZ    GeoPoAlt     Lon         Lat      GPSAlt 
   sec   hh mm   ss     mb      C       C       %      m/s     m/s     m/s     deg     m/s       m        deg         deg         m   
-------- -- -- ----- ------- ------- ------- ------- ------- ------- ------- ------- ------- -------- ----------- ----------- --------
    0.00 08 59 59.00 1007.39   30.99   23.38   64.00    0.28    0.13    0.31  246.00    0.00       78  120.376470   23.186010    78.39 
    2.64 09 00 01.63 1007.00   30.99   23.41   64.08    1.32   -0.61    1.55  260.12    2.73       82  120.376466   23.186010    79.77 
    4.43 09 00 03.43 1006.00   30.88   23.21   63.70    3.06   -2.20    4.19  307.08    5.14       91  120.376509   23.185991    86.88 
    6.53 09 00 05.52 1005.00   30.72   23.52   65.55    4.88   -3.38    5.99  303.68    4.06      100  120.376576   23.185940    96.44 
    8.18 09 00 07.17 1004.00   30.62   23.04   64.02   -1.87   -4.08    4.49   24.35    5.69      108  120.376592   23.185916   102.76 
    9.60 09 00 08.59 1003.00   30.50   22.98   64.22    0.59   -4.33    4.56  212.92    5.99      117  120.376618   23.185888   110.75 
   11.27 09 00 10.27 1002.00   30.35   22.94   64.65    3.34   -4.36    5.57  324.19    5.13      126  120.376684   23.185839   118.95 
   13.57 09 00 12.57 1001.00   30.18   22.91   65.11    1.22   -0.91    1.52  306.78    4.09      135  120.376756   23.185780   127.10 
   15.52 09 00 14.51 1000.00   29.99   22.84   65.61    0.77   -4.19    4.31  177.08    4.37      144  120.376755   23.185739   134.03 
   17.13 09 00 16.12  999.00   29.84   23.23   67.76    1.34   -4.27    4.66  298.51    6.08      153  120.376799   23.185699   140.51 
   18.95 09 00 17.95  998.00   29.72   22.78   66.39    1.02   -3.02    3.26  323.96    4.16      161  120.376800   23.185671   147.15 
   20.25 09 00 19.24  997.00   29.59   22.83   67.05    3.04   -1.92    4.61  295.30    6.99      170  120.376822   23.185652   158.15 
   21.48 09 00 20.47  996.00   29.51   22.75   67.04    2.29    2.09    3.14  230.95    7.06      179  120.376830   23.185665   167.34 
   22.98 09 00 21.97  995.00   29.38   22.71   67.40    1.36    2.04    2.46  213.80    5.66      188  120.376810   23.185660   178.67 
   24.77 09 00 23.76  994.00   29.24   22.67   67.75   -0.24   -4.19    4.21   87.64    4.50      197  120.376802   23.185592   187.31 
   26.52 09 00 25.51  993.00   29.10   22.63   68.15   -1.96   -2.88    4.06  200.19    5.39      206  120.376800   23.185550   197.03 
   28.50 09 00 27.50  992.00   28.93   22.54   68.45   -2.54   -2.82    3.85   39.06    3.85      214  120.376805   23.185510   206.73 
   30.61 09 00 29.61  991.00   28.79   22.54   68.98   -1.79   -4.77    5.10   20.45    4.59      223  120.376818   23.185465   218.44 
   33.12 09 00 32.11  990.00   28.58   22.48   69.62    0.19   -1.61    1.71  307.98    2.77      232  120.376809   23.185439   228.79 
   34.82 09 00 33.82  989.00   28.45   22.60   70.62   -0.60   -4.23    4.32    9.74    5.02      241  120.376792   23.185405   239.39 
   36.65 09 00 35.64  988.00   28.33   22.47   70.59    0.41   -4.91    4.99  229.85    5.07      250  120.376774   23.185344   245.42 
   38.55 09 00 37.54  987.00   28.23   22.43   70.81   -3.66   -1.38    4.08  197.77    4.33      259  120.376748   23.185315   255.27 
   40.32 09 00 39.31  986.00   28.09   22.40   71.26   -1.50   -3.61    3.91   21.13    5.39      268  120.376710   23.185267   266.02 
   41.90 09 00 40.89  985.00   27.96   22.32   71.49   -2.19   -0.51    2.32   73.61    5.63      276  120.376710   23.185260   275.33 
   43.28 09 00 42.28  984.00   27.84   22.34   72.06   -0.52   -1.91    2.85  154.79    6.37      285  120.376693   23.185239   282.14 
   44.86 09 00 43.86  983.00   27.71   22.31   72.46   -1.05   -6.44    6.62   58.59    5.80      294  120.376700   23.185158   291.84 
   46.39 09 00 45.39  982.00   27.60   22.30   72.92   -0.27   -0.90    0.94   16.50    5.75      303  120.376690   23.185130   298.53 
   47.82 09 00 46.82  981.00   27.51   22.30   73.26    2.87   -0.77    3.11  235.69    6.50      312  120.376706   23.185130   308.11 
   49.13 09 00 48.12  980.00   27.42   22.29   73.60    2.64   -3.59    4.47  324.17    6.82      321  120.376724   23.185105   315.76 
   50.44 09 00 49.44  979.00   27.34   22.32   74.08    0.98   -3.31    5.02  197.61    7.03      330  120.376746   23.185070   323.81 
   51.60 09 00 50.59  978.00   27.26   22.22   73.98   -1.87   -3.23    3.93   29.87    7.63      339  120.376734   23.185058   330.80 
   53.02 09 00 52.01  977.00   27.16   22.17   74.20   -1.03   -1.58    1.97   37.69    5.90      348  120.376730   23.185040   340.16 
   54.14 09 00 53.14  976.00   27.07   22.13   74.41    1.48    0.03    2.85  217.19    7.93      356  120.376739   23.185037   349.14 
   55.50 09 00 54.50  975.00   26.99   22.10   74.60   -2.26   -3.96    4.56   30.05    6.43      365  120.376720   23.185000   358.11 
   56.80 09 00 55.80  974.00   26.90   22.10   75.02   -1.15   -2.03    2.33   29.31    7.13      374  120.376702   23.184964   366.66 
   57.87 09 00 56.87  973.00   26.81   22.07   75.27    3.10   -3.08    4.57  276.12    8.38      383  120.376717   23.184977   373.25 
   59.24 09 00 58.24  972.00   26.71   22.05   75.65    2.06   -0.59    3.04  280.72    6.24      392  120.376750   23.184985   383.21 
   60.91 09 00 59.90  971.00   26.59   22.02   76.07    2.88   -1.80    3.78  296.93    5.53      401  120.376759   23.184982   393.58 
   62.60 09 01 01.60  970.00   26.51   22.03   76.42   -0.57   -4.36    4.40    6.77    5.13      410  120.376734   23.184932   402.97 
   64.36 09 01 03.35  969.00   26.38   21.98   76.80    4.47   -0.89    4.56  281.77    5.21      419  120.376770   23.184896   412.24 
   66.07 09 01 05.07  968.00   26.28   21.92   77.01   -2.81   -2.87    4.01   44.38    4.83      428  120.376749   23.184869   421.08 
   67.60 09 01 06.60  967.00   26.19   21.90   77.28    2.72   -2.73    4.42  202.26    6.39      437  120.376742   23.184844   428.66 
   68.88 09 01 07.87  966.00   26.10   21.87   77.53    3.37   -4.61    6.09  325.47   10.17      446  120.376746   23.184814   438.15 
   70.16 09 01 09.15  965.00   26.02   21.82   77.70    0.96   -4.89    4.98  348.83   12.78      455  120.376742   23.184777   449.19 
   71.41 09 01 10.41  964.00   25.94   21.77   77.82   -0.17   -3.90    3.94  207.26    6.90      464  120.376754   23.184739   458.01 
   73.06 09 01 12.05  963.00   25.85   21.76   78.21   -0.36   -4.08    4.16   26.35    5.59      473  120.376741   23.184659   467.33 
   74.98 09 01 13.98  962.00   25.71   21.63   78.20    2.70   -4.31    5.09  327.89    4.91      482  120.376770   23.184591   474.99 
   76.43 09 01 15.42  961.00   25.60   21.65   78.81    1.81   -1.84    2.58  315.90    5.85      490  120.376800   23.184570   484.96 
   78.46 09 01 17.45  960.00   25.47   21.60   79.18   -1.55   -2.70    3.24   31.50    4.41      499  120.376771   23.184552   496.16 
   80.72 09 01 19.72  959.00   25.37   21.64   79.87    0.51   -5.08    5.17  353.36    3.91      508  120.376743   23.184488   504.50 
   82.84 09 01 21.83  958.00   25.26   21.61   80.27    0.88   -2.14    2.35  333.66    4.54      517  120.376748   23.184432   514.04 
   85.66 09 01 24.66  957.00   25.16   21.60   80.67   -0.49   -5.25    5.34  128.01    2.99      526  120.376743   23.184327   524.14 
   87.62 09 01 26.61  956.00   25.07   21.58   81.02   -0.62   -3.56    3.61    9.97    4.77      535  120.376734   23.184241   533.04 
   89.99 09 01 28.99  955.00   24.96   21.55   81.40   -3.43   -3.31    4.77   45.76    4.47      544  120.376720   23.184180   543.48 
   92.29 09 01 31.28  954.00   24.85   21.51   81.70   -0.12   -1.00    1.01    6.64    4.14      553  120.376720   23.184124   550.44 
   94.13 09 01 33.12  953.00   24.78   21.47   81.88    0.26   -4.81    4.89   42.27    5.41      562  120.376724   23.184069   556.05 
   96.26 09 01 35.25  952.00   24.75   21.46   81.95   -1.47   -4.10    4.37   19.16    3.50      571  120.376750   23.184025   563.03 
   98.63 09 01 37.63  951.00   24.64   21.34   81.89    1.99   -3.94    4.73  332.71    3.44      580  120.376783   23.183971   572.10 
  101.22 09 01 40.21  950.00   24.55   21.28   82.04   -0.99   -4.25    4.59   97.54    3.68      589  120.376792   23.183889   583.85 
  104.22 09 01 43.21  949.00   24.43   21.28   82.64    1.18   -6.22    6.50  268.88    2.28      598  120.376812   23.183767   594.25 
  107.67 09 01 46.66  948.00   24.31   21.20   82.80    3.02   -4.83    6.44  213.03    2.65      607  120.376840   23.183627   606.39 
  111.25 09 01 50.24  947.00   24.18   20.37   79.30    1.83   -5.74    6.05  342.61    2.88      616  120.376870   23.183515   615.59 
  114.13 09 01 53.12  946.00   24.09   19.82   77.09    0.76   -2.39    2.51  342.20    2.75      625  120.376899   23.183387   624.35 
  117.13 09 01 56.13  945.00   24.00   19.38   75.39    0.03   -1.28    1.30  304.30    3.25      634  120.376900   23.183306   636.12 
  120.01 09 01 59.00  944.00   23.95   19.27   75.10   -1.08   -4.44    4.57   16.14    3.26      643  120.376890   23.183230   645.89 
  123.13 09 02 02.12  943.00   23.91   19.11   74.57   -0.91   -2.25    2.43   22.03    3.09      652  120.376889   23.183157   655.05 
  126.17 09 02 05.16  942.00   23.87   18.92   73.87   -0.03   -1.47    1.48   66.05    2.97      662  120.376870   23.183077   665.73 
  129.27 09 02 08.26  941.00   23.83   18.79   73.40   -0.35   -2.99    3.03    5.16    2.81      671  120.376870   23.183012   675.04 
  132.38 09 02 11.38  940.00   23.82   18.73   73.16   -0.38   -3.68    3.70    5.49    2.87      680  120.376850   23.182939   684.00 
  135.33 09 02 14.32  939.00   23.79   18.65   72.97   -0.51   -3.41    3.46    9.08    3.35      689  120.376827   23.182853   692.10 
  137.98 09 02 16.98  938.00   23.78   18.58   72.70   -1.29   -3.80    4.02   18.57    3.76      698  120.376800   23.182771   701.03 
  141.26 09 02 20.26  937.00   23.74   18.51   72.57    0.10   -3.21    3.24  262.78    2.82      708  120.376775   23.182675   711.56 
  144.08 09 02 23.08  936.00   23.72   18.48   72.51   -2.02   -3.18    3.77   31.99    3.60      717  120.376750   23.182609   722.05 
  147.16 09 02 26.16  935.00   23.67   18.42   72.47   -1.21   -4.10    4.31   73.31    3.23      726  120.376740   23.182538   730.35 
  149.90 09 02 28.90  934.00   23.64   18.07   70.99   -0.94   -2.05    2.25   24.46    3.44      735  120.376730   23.182473   737.18 
  152.78 09 02 31.77  933.00   23.64   17.97   70.58   -0.13   -1.55    1.55    4.84    3.81      744  120.376708   23.182402   747.85 
  155.66 09 02 34.66  932.00   23.61   17.96   70.60   -2.12   -2.48    3.29   33.48    3.59      754  120.376677   23.182307   755.07 
  158.46 09 02 37.45  931.00   23.61   18.03   70.95   -1.11   -2.72    2.94   22.22    3.28      763  120.376651   23.182231   764.49 
  161.45 09 02 40.44  930.00   23.59   17.99   70.86   -1.87   -3.87    4.31   25.15    3.33      772  120.376601   23.182147   773.48 
  164.14 09 02 43.13  929.00   23.57   17.94   70.70   -1.54   -5.88    6.08   15.13    3.06      782  120.376576   23.182067   783.58 
  166.88 09 02 45.87  928.00   23.56   17.91   70.61   -0.66   -2.91    2.98   12.92    3.76      791  120.376531   23.182002   791.77 
  169.47 09 02 48.47  927.00   23.54   17.73   69.91   -0.81   -3.48    3.57   14.43    3.75      800  120.376505   23.181935   801.30 
  171.92 09 02 50.91  926.00   23.52   17.46   68.82   -0.06   -1.88    1.88   31.65    3.93      810  120.376490   23.181882   808.97 
  174.59 09 02 53.58  925.00   23.51   17.27   68.02   -0.55   -3.49    3.56   12.01    3.66      819  120.376478   23.181834   819.45 
  177.05 09 02 56.04  924.00   23.50   17.23   67.91   -0.14   -2.99    3.00   19.38    3.62      828  120.376470   23.181780   827.42 
  179.84 09 02 58.83  923.00   23.50   17.41   68.70   -0.93   -1.70    1.94   29.53    3.27      838  120.376443   23.181722   838.87 
  182.40 09 03 01.39  922.00   23.50   16.63   65.39    0.37   -1.86    1.92  137.89    3.61      847  120.376444   23.181676   848.37 
  184.71 09 03 03.71  921.00   23.49   15.47   60.75    0.28   -2.11    2.17  241.99    4.49      857  120.376440   23.181630   857.85 
  187.28 09 03 06.27  920.00   23.52   15.25   59.81    0.32   -2.39    2.48   99.99    3.68      866  120.376433   23.181572   867.34 
  189.89 09 03 08.89  919.00   23.57   14.51   56.84   -0.07   -2.01    2.02    1.76    4.20      876  120.376421   23.181511   876.98 
  192.46 09 03 11.46  918.00   23.60   13.36   52.65   -0.20   -2.63    2.64    2.98    3.55      885  120.376435   23.181451   885.97 
  195.33 09 03 14.33  917.00   23.65   13.69   53.63    0.60   -2.83    3.24  220.36    3.26      895  120.376457   23.181390   897.17 
  197.98 09 03 16.97  916.00   23.71   13.91   54.19    1.01   -4.77    4.88  340.91    3.72      904  120.376470   23.181321   906.34 
  200.38 09 03 19.38  915.00   23.76   14.07   54.60    1.43   -4.07    4.64  199.13    4.03      914  120.376460   23.181269   916.21 
  202.99 09 03 21.99  914.00   23.82   14.26   55.10    0.60   -6.17    6.20  354.37    3.22      924  120.376480   23.181200   924.84 
  205.86 09 03 24.85  913.00   23.89   14.50   55.68    0.26   -3.34    3.45   46.20    3.54      933  120.376501   23.181133   935.31 
  208.58 09 03 27.57  912.00   23.93   14.57   55.80   -0.00   -2.61    2.65  145.96    3.91      943  120.376530   23.181058   943.50 
  211.10 09 03 30.10  911.00   23.96   14.57   55.72    0.04   -1.65    1.65   37.90    3.94      953  120.376550   23.180997   953.12 
  213.61 09 03 32.61  910.00   24.00   14.63   55.80    2.24   -3.44    4.30  324.83    3.66      962  120.376576   23.180932   963.34 
  216.30 09 03 35.30  909.00   24.02   14.63   55.73    1.55   -2.01    2.55  317.64    3.44      972  120.376610   23.180871   973.17 
  218.88 09 03 37.88  908.00   24.03   14.68   55.89   -1.55   -5.35    5.74   54.67    3.47      982  120.376631   23.180804   984.23 
  221.66 09 03 40.65  907.00   24.02   14.75   56.17    0.88   -3.47    3.57  345.75    3.88      991  120.376660   23.180730   993.83 
  224.24 09 03 43.23  906.00   24.03   14.86   56.52    1.58   -4.52    4.78  340.66    3.66     1001  120.376712   23.180653  1003.92 
  226.91 09 03 45.91  905.00   24.00   14.96   57.00    1.29   -3.10    3.36  337.13    3.81     1010  120.376748   23.180573  1012.39 
  229.48 09 03 48.47  904.00   23.98   14.99   57.20    1.03   -4.39    4.51  346.24    4.08     1020  120.376794   23.180510  1023.43 
  232.08 09 03 51.07  903.00   23.95   15.02   57.39    5.23   -3.62    6.36  305.15    3.38     1029  120.376861   23.180468  1029.53 
  234.73 09 03 53.73  902.00   23.93   14.99   57.36    1.82   -2.43    3.04  321.13    3.75     1039  120.376897   23.180403  1042.45 
  237.54 09 03 56.54  901.00   23.93   15.00   57.39    1.21   -2.27    2.61  328.83    3.65     1048  120.376951   23.180325  1050.69 
  240.26 09 03 59.25  900.00   23.86   15.04   57.78    1.65   -1.52    2.36  328.70    3.88     1058  120.376998   23.180252  1060.14 
  242.88 09 04 01.88  899.00   23.83   15.17   58.38    0.61   -1.34    1.47  335.05    4.36     1067  120.377040   23.180182  1070.65 
  245.90 09 04 04.89  898.00   23.77   15.33   59.17    2.89   -3.47    4.54  320.49    3.31     1077  120.377128   23.180073  1079.42 
  248.60 09 04 07.59  897.00   23.71   15.48   60.00    4.17   -2.53    5.18  309.02    3.42     1086  120.377194   23.179992  1090.93 
  251.36 09 04 10.35  896.00   23.64   15.59   60.67    3.75   -4.05    5.52  317.10    3.38     1096  120.377274   23.179909  1099.64 
  253.93 09 04 12.93  895.00   23.58   15.60   60.89    5.32   -3.64    6.47  305.30    3.75     1105  120.377347   23.179832  1110.16 
  256.63 09 04 15.63  894.00   23.50   15.61   61.23    2.08   -5.03    5.45  336.26    3.31     1115  120.377419   23.179751  1119.15 
  259.26 09 04 18.25  893.00   23.43   15.74   62.00    4.09   -3.67    5.50  313.09    3.88     1124  120.377485   23.179665  1128.98 
  261.94 09 04 20.94  892.00   23.38   15.75   62.24    0.95   -1.20    1.53  321.32    3.84     1134  120.377558   23.179581  1138.53 
  264.96 09 04 23.95  891.00   23.32   15.86   62.90    2.83   -3.24    4.30  318.88    3.37     1143  120.377659   23.179481  1148.66 
  267.91 09 04 26.90  890.00   23.23   15.87   63.29    4.03   -3.92    5.63  314.14    3.17     1153  120.377757   23.179384  1158.80 
  270.82 09 04 29.82  889.00   23.17   15.74   63.02    1.97   -3.71    4.21  331.04    3.05     1162  120.377855   23.179295  1169.89 
  273.62 09 04 32.61  888.00   23.10   15.37   61.77    2.20   -2.64    3.44  319.49    3.32     1172  120.377939   23.179214  1178.98 
  276.33 09 04 35.32  887.00   23.06   15.34   61.81    4.58   -2.11    5.04  294.90    3.54     1181  120.378007   23.179143  1188.87 
  279.31 09 04 38.31  886.00   23.04   14.74   59.54    1.91   -2.26    2.97  320.35    3.60     1191  120.378080   23.179054  1197.88 
  282.22 09 04 41.22  885.00   23.00   14.57   59.08    2.16   -3.53    4.18  328.24    3.40     1201  120.378134   23.178968  1207.36 
  285.13 09 04 44.12  884.00   22.93   14.37   58.55    1.39   -2.43    2.90  334.73    3.41     1210  120.378194   23.178899  1217.14 
  288.08 09 04 47.07  883.00   22.87   14.00   57.38    1.22   -3.29    3.51  339.90    2.63     1220  120.378262   23.178818  1225.75 
  291.09 09 04 50.09  882.00   22.84   13.79   56.68    3.80   -4.00    5.52  316.94    3.05     1229  120.378322   23.178728  1235.47 
  293.88 09 04 52.88  881.00   22.80   13.70   56.49    1.79   -2.80    3.33  326.80    3.70     1239  120.378386   23.178652  1244.18 
  296.77 09 04 55.76  880.00   22.78   13.64   56.34    1.40   -2.86    3.26  339.78    3.36     1249  120.378428   23.178575  1253.62 
  299.59 09 04 58.59  879.00   22.77   13.41   55.52    0.97   -2.54    2.81  337.28    3.72     1259  120.378476   23.178508  1263.48 
  302.43 09 05 01.43  878.00   22.75   13.18   54.76    0.20   -3.07    3.08  353.91    3.39     1268  120.378520   23.178436  1273.50 
  305.27 09 05 04.26  877.00   22.71   13.07   54.50    1.02   -1.58    1.93  335.32    3.40     1278  120.378545   23.178377  1283.26 
  307.83 09 05 06.83  876.00   22.68   12.99   54.33    1.21   -2.03    2.45  325.40    4.30     1288  120.378588   23.178332  1293.58 
  310.85 09 05 09.85  875.00   22.64   12.97   54.39    1.64   -4.00    4.32  338.10    3.14     1298  120.378619   23.178243  1301.97 
  314.10 09 05 13.09  874.00   22.62   12.90   54.20   -0.38   -5.65    5.66    3.78    3.09     1307  120.378642   23.178166  1312.94 
  316.78 09 05 15.78  873.00   22.58   12.86   54.18    0.97   -3.44    3.67  267.83    3.58     1317  120.378678   23.178087  1322.71 
  319.51 09 05 18.51  872.00   22.57   12.79   54.00    0.48   -5.17    5.44  178.90    3.69     1327  120.378705   23.178035  1334.18 
  322.55 09 05 21.55  871.00   22.54   12.64   53.54    2.02   -2.70    3.37  323.22    3.17     1337  120.378731   23.177969  1343.54 
  325.57 09 05 24.57  870.00   22.48   12.38   52.83    1.44   -3.98    4.27  338.35    3.10     1347  120.378751   23.177883  1353.62 
  328.26 09 05 27.25  869.00   22.44   12.07   51.90    2.24   -3.43    4.36  236.59    3.19     1356  120.378770   23.177832  1361.80 
  331.05 09 05 30.04  868.00   22.40   11.67   50.68    0.48   -5.95    5.97  338.43    3.50     1366  120.378790   23.177759  1373.36 
  334.19 09 05 33.18  867.00   22.35   11.22   49.34    0.53   -2.61    2.67  347.04    3.29     1376  120.378800   23.177698  1383.87 
  337.10 09 05 36.10  866.00   22.29   10.99   48.77    0.04   -0.45    0.45  352.48    3.48     1386  120.378799   23.177649  1393.03 
  339.91 09 05 38.90  865.00   22.24   10.69   47.93    0.07   -1.32    1.33  358.56    3.42     1395  120.378790   23.177610  1404.86 
  342.67 09 05 41.67  864.00   22.22   10.51   47.43   -0.46   -2.46    2.56  128.19    2.77     1405  120.378793   23.177573  1412.56 
  345.83 09 05 44.83  863.00   22.19   10.38   47.10    1.15   -2.47    2.81  283.33    3.06     1415  120.378778   23.177543  1421.85 
  348.66 09 05 47.66  862.00   22.16   10.25   46.80    0.35   -2.50    2.63  112.49    3.35     1425  120.378780   23.177517  1431.42 
  351.37 09 05 50.36  861.00   22.13   10.39   47.32   -0.89   -3.89    4.30  243.01    3.48     1435  120.378773   23.177496  1442.14 
  354.58 09 05 53.58  860.00   22.10   10.43   47.52    0.67   -1.62    2.09  184.71    3.44     1445  120.378770   23.177486  1452.35 
  357.83 09 05 56.82  859.00   22.04   10.14   46.77   -0.06   -2.50    2.51  299.81    3.36     1455  120.378770   23.177462  1462.29 
  360.93 09 05 59.92  858.00   22.01    9.21   44.04    0.07   -3.67    3.90   18.98    3.30     1464  120.378761   23.177441  1474.57 
  363.90 09 06 02.89  857.00   22.01    9.35   44.47    1.22   -0.71    1.43  301.16    3.40     1475  120.378750   23.177441  1483.23 
  367.18 09 06 06.17  856.00   21.97    9.75   45.79   -1.57    1.31    2.16  131.01    2.80     1484  120.378718   23.177448  1493.42 
  370.14 09 06 09.14  855.00   21.94   10.05   46.79   -1.75   -0.23    1.76   86.41    5.16     1494  120.378699   23.177440  1502.90 
  373.37 09 06 12.36  854.00   21.93   10.33   47.71   -0.27   -2.21    2.23    7.49    2.64     1504  120.378693   23.177450  1511.28 
  376.62 09 06 15.61  853.00   21.93   10.85   49.37   -2.93    0.03    2.94   87.78    2.97     1515  120.378664   23.177470  1522.98 
  379.86 09 06 18.86  852.00   21.93   10.86   49.41    0.02    1.86    1.96  179.01    3.55     1525  120.378659   23.177471  1532.45 
  383.24 09 06 22.23  851.00   21.88   10.51   48.41    1.64    1.06    1.96  234.10    2.98     1535  120.378660   23.177492  1541.22 
  386.49 09 06 25.48  850.00   21.88   10.03   46.91    1.21    2.67    2.96  207.92    3.15     1545  120.378660   23.177515  1552.02 
  390.07 09 06 29.06  849.00   21.85    9.64   45.78    2.89   -0.59    3.04  281.43    2.44     1555  120.378671   23.177530  1563.71 
  393.25 09 06 32.24  848.00   21.85    9.56   45.55    1.48    1.59    2.47  232.54    3.09     1565  120.378672   23.177545  1574.91 
  396.53 09 06 35.52  847.00   21.83    9.82   46.40   -1.85    2.47    3.10  141.28    2.74     1575  120.378680   23.177565  1585.67 
  400.13 09 06 39.13  846.00   21.84    9.89   46.60    1.07    1.03    1.70  230.56    2.67     1585  120.378679   23.177581  1597.50 
  403.37 09 06 42.37  845.00   21.80    9.73   46.19   -1.27    2.46    2.87  154.39    2.87     1595  120.378666   23.177597  1605.18 
  406.83 09 06 45.82  844.00   21.77    9.57   45.78    0.54    2.88    3.14  192.17    2.89     1605  120.378668   23.177638  1615.68 
  410.20 09 06 49.20  843.00   21.73    9.62   46.04    0.73    1.24    1.93  234.69    3.11     1615  120.378678   23.177664  1625.93 
  413.69 09 06 52.69  842.00   21.72    9.80   46.64   -0.92    2.74    2.99  159.69    3.15     1625  120.378653   23.177697  1635.01 
  417.32 09 06 56.31  841.00   21.69    9.88   46.96   -1.31    2.72    3.25  154.36    2.36     1636  120.378650   23.177723  1645.17 
  420.97 09 06 59.97  840.00   21.66   10.08   47.69    1.73    3.76    4.19  203.04    2.69     1646  120.378650   23.177760  1655.88 
  424.63 09 07 03.62  839.00   21.59   10.15   48.10   -0.79    2.14    2.35  158.39    2.95     1656  120.378637   23.177796  1666.72 
  428.33 09 07 07.32  838.00   21.55   10.10   48.10   -0.35    2.15    2.18  171.29    2.73     1666  120.378637   23.177837  1676.75 
  431.76 09 07 10.75  837.00   21.50    9.74   47.07   -1.26    1.96    2.33  145.64    2.75     1676  120.378602   23.177878  1685.76 
  435.51 09 07 14.51  836.00   21.44    9.06   45.14   -0.53    2.91    3.07  180.76    3.04     1686  120.378605   23.177920  1697.58 
  439.32 09 07 18.31  835.00   21.40    8.54   43.71    0.52    2.75    3.10  196.43    2.38     1696  120.378603   23.177970  1707.57 
  443.02 09 07 22.01  834.00   21.40    8.16   42.59   -1.59    0.61    1.71  109.89    3.04     1706  120.378580   23.177990  1716.56 
  446.78 09 07 25.77  833.00   21.40    7.41   40.47   -2.09    1.84    2.79  131.68    2.47     1716  120.378534   23.178056  1727.37 
  450.39 09 07 29.38  832.00   21.39    7.06   39.51   -1.89    2.35    3.01  141.18    2.86     1727  120.378496   23.178118  1738.40 
  454.15 09 07 33.14  831.00   21.39    6.73   38.64   -3.18    3.85    5.00  140.05    2.60     1737  120.378429   23.178181  1748.99 
  458.12 09 07 37.11  830.00   21.39    8.02   42.20   -1.05    1.30    1.71  149.43    2.82     1747  120.378366   23.178261  1760.39 
  461.71 09 07 40.70  829.00   21.39    8.57   43.83   -2.97    5.10    5.93  146.77    3.21     1758  120.378299   23.178341  1769.53 
  465.36 09 07 44.35  828.00   21.39    8.51   43.63    0.60    3.07    3.20  190.38    3.01     1768  120.378266   23.178414  1778.61 
  469.69 09 07 48.68  827.00   21.41    8.43   43.33   -2.27    3.48    4.15  146.88    2.72     1779  120.378206   23.178521  1790.30 
  473.51 09 07 52.50  826.00   21.36    8.71   44.32   -1.11    1.82    2.13  146.68    2.43     1789  120.378165   23.178595  1799.89 
  477.41 09 07 56.40  825.00   21.37    8.32   43.10    0.02    3.93    4.22  178.11    2.44     1799  120.378156   23.178702  1812.15 
  481.10 09 08 00.09  824.00   21.35    8.33   43.20   -0.98    2.74    3.15  156.67    3.29     1810  120.378151   23.178763  1826.48 
  484.58 09 08 03.57  823.00   21.29    8.33   43.36    0.64    2.82    2.99  197.79    2.93     1820  120.378150   23.178842  1835.97 
  487.63 09 08 06.63  822.00   21.26    8.29   43.34    2.00    4.51    4.98  203.30    3.17     1830  120.378154   23.178913  1847.75 
  492.04 09 08 11.03  821.00   21.29    8.41   43.60   -0.24    2.27    2.30  174.83    2.96     1841  120.378170   23.179011  1857.84 
  495.67 09 08 14.66  820.00   21.23    8.37   43.67    1.22    3.55    4.14  197.24    2.83     1851  120.378177   23.179080  1867.17 
  499.17 09 08 18.17  819.00   21.16    8.69   44.79    2.01    0.66    3.44  262.27    2.87     1861  120.378177   23.179133  1878.38 
  503.02 09 08 22.02  818.00   21.11    8.38   44.00   -0.22    6.67    6.68  178.57    2.89     1871  120.378170   23.179230  1885.95 
  506.77 09 08 25.77  817.00   21.06    8.44   44.31    1.65    2.01    2.67  213.43    3.03     1881  120.378195   23.179295  1894.48 
  510.66 09 08 29.65  816.00   21.01    8.32   44.07    0.02    2.18    2.18  180.60    2.53     1892  120.378200   23.179390  1904.64 
  514.25 09 08 33.24  815.00   20.96    8.39   44.43    0.00    3.64    3.65  179.58    2.26     1902  120.378215   23.179465  1915.69 
  517.83 09 08 36.82  814.00   20.93    8.39   44.51   -0.49    4.72    5.15  178.45    3.72     1912  120.378258   23.179545  1926.27 
  521.56 09 08 40.56  813.00   20.84    8.37   44.71    1.48    3.74    4.08  205.30    2.93     1922  120.378301   23.179636  1937.84 
  525.49 09 08 44.48  812.00   20.82    8.47   45.05   -1.33    3.04    3.41  161.58    2.57     1933  120.378320   23.179725  1949.48 
  529.18 09 08 48.17  811.00   20.71    8.41   45.18    0.92    1.86    2.07  207.41    2.53     1943  120.378365   23.179804  1960.23 
  532.47 09 08 51.47  810.00   20.64    8.36   45.25    1.20    2.82    3.07  203.50    4.64     1953  120.378425   23.179884  1972.48 
  535.62 09 08 54.61  809.00   20.55    8.35   45.46    1.10    3.78    3.96  197.82    3.24     1963  120.378472   23.179972  1985.19 
  539.26 09 08 58.25  808.00   20.48    8.34   45.60    4.13    4.07    5.80  224.60    2.88     1973  120.378578   23.180068  1994.66 
  542.33 09 09 01.32  807.00   20.38    8.28   45.70    1.72    5.48    5.81  197.56    3.26     1983  120.378650   23.180143  2006.35 
  545.77 09 09 04.77  806.00   20.29    8.73   47.40    5.20    3.16    6.16  236.45    3.39     1993  120.378759   23.180238  2016.09 
  549.50 09 09 08.50  805.00   20.22    8.10   45.60    3.33    3.73    5.06  221.82    3.25     2003  120.378845   23.180340  2026.89 
  553.24 09 09 12.23  804.00   20.10    8.06   45.80    3.23    4.99    5.96  213.76    2.52     2013  120.378947   23.180447  2035.39 
  556.17 09 09 15.17  803.00   20.01    7.98   45.80    5.04    4.24    6.58  230.16    3.62     2023  120.379035   23.180532  2045.83 
  559.67 09 09 18.67  802.00   19.92    7.76   45.40    2.81    2.15    3.53  232.70    2.84     2033  120.379140   23.180603  2056.26 
  562.92 09 09 21.91  801.00   19.83    7.62   45.20    4.66    4.44    6.44  226.86    2.70     2043  120.379267   23.180688  2065.97 
  566.35 09 09 25.34  800.00   19.76    7.57   45.27    4.31    4.19    6.01  226.54    3.34     2054  120.379374   23.180787  2077.71 
  569.63 09 09 28.62  799.00   19.67    7.49   45.26    2.74    2.42    3.66  228.37    3.18     2064  120.379489   23.180873  2087.10 
  572.87 09 09 31.87  798.00   19.58    7.43   45.31    3.94    4.31    5.84  222.27    2.63     2074  120.379596   23.180956  2098.69 
  575.90 09 09 34.90  797.00   19.48    7.42   45.58    3.09    6.85    7.67  205.97    3.37     2084  120.379706   23.181046  2109.69 
  579.44 09 09 38.43  796.00   19.41    7.34   45.52    5.25    3.31    6.40  228.98    3.01     2094  120.379861   23.181143  2119.71 
  583.24 09 09 42.24  795.00   19.41    7.07   44.70    4.56    2.67    5.29  239.10    2.58     2105  120.380047   23.181275  2130.49 
  586.71 09 09 45.70  794.00   19.32    6.86   44.30    5.00    3.82    6.31  234.97    2.76     2115  120.380198   23.181358  2140.46 
  590.42 09 09 49.42  793.00   19.28    6.76   44.12    5.11    3.81    6.38  233.37    2.81     2126  120.380367   23.181458  2153.26 
  593.96 09 09 52.96  792.00   19.21    6.63   43.90    3.53    2.68    4.43  232.79    2.97     2136  120.380519   23.181549  2164.33 
  597.58 09 09 56.58  791.00   19.15    6.58   43.90    5.85    3.06    6.60  242.28    3.16     2146  120.380683   23.181657  2174.01 
  600.96 09 09 59.95  790.00   19.10    6.53   43.90    1.80    1.57    2.38  228.81    3.54     2157  120.380839   23.181749  2184.52 
  604.89 09 10 03.89  789.00   19.03    6.40   43.70    5.20    6.03    8.09  221.56    2.66     2167  120.381044   23.181866  2195.88 
  608.49 09 10 07.49  788.00   18.94    6.34   43.80    3.89    2.55    4.66  236.43    2.41     2177  120.381205   23.181975  2206.04 
  611.90 09 10 10.89  787.00   18.86    6.34   44.00    3.70    5.81    6.94  214.04    3.30     2188  120.381366   23.182067  2217.61 
  615.53 09 10 14.53  786.00   18.77    6.35   44.25    5.89    2.74    6.50  245.69    2.84     2198  120.381557   23.182171  2227.55 
  619.06 09 10 18.06  785.00   18.70    6.39   44.60    4.33    3.20    5.42  232.79    3.44     2208  120.381734   23.182271  2235.39 
  622.66 09 10 21.66  784.00   18.61    6.38   44.83    5.91    2.78    6.83  246.33    2.94     2218  120.381920   23.182363  2246.26 
  626.27 09 10 25.26  783.00   18.51    6.32   44.93    4.75    1.68    5.15  254.85    2.75     2229  120.382116   23.182451  2256.52 
  630.15 09 10 29.15  782.00   18.41    6.26   45.00    5.77    3.60    6.80  238.28    4.12     2239  120.382318   23.182543  2267.40 
  633.75 09 10 32.74  781.00   18.32    6.14   44.90    6.51    1.07    6.68  257.93    2.92     2249  120.382515   23.182637  2278.05 
  637.05 09 10 36.05  780.00   18.26    6.12   45.00    8.78    3.59    9.49  247.61    3.43     2259  120.382703   23.182712  2288.45 
  640.36 09 10 39.35  779.00   18.14    6.04   45.07    5.14    5.13    7.77  226.71    2.75     2269  120.382891   23.182814  2300.92 
  644.22 09 10 43.21  778.00   18.09    6.08   45.36    7.98    2.73    8.44  250.89    3.02     2280  120.383113   23.182904  2314.33 
  647.82 09 10 46.82  777.00   18.01    6.02   45.38    5.75    1.78    6.04  252.74    2.80     2290  120.383311   23.182996  2326.00 
  651.57 09 10 50.56  776.00   17.94    5.80   44.89    6.87    2.55    7.33  249.28    2.42     2301  120.383544   23.183087  2337.02 
  655.02 09 10 54.02  775.00   17.85    5.42   43.99    2.32    1.49    2.77  236.31    3.15     2311  120.383731   23.183180  2348.71 
  658.78 09 10 57.78  774.00   17.80    5.09   43.12    6.57    4.16    7.82  239.77    3.07     2322  120.383937   23.183264  2359.96 
  662.41 09 11 01.41  773.00   17.70    4.91   42.84    6.78    3.07    7.52  247.49    3.23     2332  120.384145   23.183344  2370.78 
  665.82 09 11 04.82  772.00   17.63    4.86   42.90    4.31    0.64    4.36  261.42    2.75     2342  120.384323   23.183406  2380.00 
  669.15 09 11 08.14  771.00   17.57    4.78   42.83    5.16    0.91    5.24  260.08    3.02     2353  120.384490   23.183453  2392.84 
  672.69 09 11 11.69  770.00   17.54    4.77   42.87    7.45    0.80    7.61  263.07    3.11     2364  120.384696   23.183517  2402.66 
  676.33 09 11 15.33  769.00   17.45    4.77   43.10    5.17    2.42    5.71  244.87    2.84     2374  120.384903   23.183590  2412.16 
  679.91 09 11 18.90  768.00   17.39    4.81   43.38    3.14    1.15    3.35  250.56    2.34     2385  120.385086   23.183658  2424.21 
  683.21 09 11 22.21  767.00   17.31    4.67   43.18    5.86    1.27    6.16  258.82    3.35     2395  120.385251   23.183696  2435.49 
  686.59 09 11 25.58  766.00   17.24    4.45   42.72    4.07    1.82    4.46  246.31    3.10     2406  120.385414   23.183746  2444.89 
  689.98 09 11 28.97  765.00   17.20    4.04   41.61    2.96    1.20    3.20  247.85    6.24     2416  120.385579   23.183790  2456.69 
  693.56 09 11 32.56  764.00   17.13    3.40   39.96    5.47    3.08    6.31  244.21    3.06     2427  120.385758   23.183837  2468.46 
  697.14 09 11 36.13  763.00   17.05    2.77   38.42    7.44    0.36    7.44  267.16    1.93     2437  120.385967   23.183910  2477.57 
  700.53 09 11 39.53  762.00   17.00    2.31   37.29    5.44    3.08    6.29  242.31    3.00     2448  120.386167   23.183945  2487.91 
  704.10 09 11 43.10  761.00   16.93    3.01   39.37    8.98    1.36    9.08  261.37    3.25     2459  120.386364   23.184011  2501.36 
  707.51 09 11 46.51  760.00   16.91    1.72   35.95    6.08    4.26    7.53  233.96    5.82     2470  120.386536   23.184053  2511.41 
  711.27 09 11 50.27  759.00   16.82    1.20   34.85    6.68    0.60    6.71  264.84    2.62     2480  120.386726   23.184110  2522.79 
  714.59 09 11 53.58  758.00   16.74    0.86   34.18    6.73    2.25    7.12  252.31    3.18     2491  120.386911   23.184152  2533.96 
  718.26 09 11 57.25  757.00   16.68    0.59   33.65    4.32    1.06    4.49  255.95    3.00     2501  120.387090   23.184210  2544.14 
  721.44 09 12 00.44  756.00   16.62    0.31   33.10    4.50    0.93    4.65  250.63    3.23     2512  120.387252   23.184254  2555.05 
  724.74 09 12 03.74  755.00   16.57    0.17   32.87    6.13    3.85    7.43  240.96    3.22     2523  120.387415   23.184312  2566.45 
  728.18 09 12 07.17  754.00   16.50   -0.13   32.30    3.85    1.53    4.21  246.46    3.14     2534  120.387537   23.184378  2577.42 
  731.21 09 12 10.20  753.00   16.42   -0.38   31.90    2.95    2.59    3.95  225.59    3.60     2544  120.387663   23.184416  2588.60 
  734.76 09 12 13.76  752.00   16.33   -0.68   31.37    6.25    1.80    6.51  253.85    3.18     2555  120.387808   23.184483  2599.78 
  738.20 09 12 17.19  751.00   16.24   -0.93   30.98    3.54    0.25    3.55  265.84    2.93     2565  120.387938   23.184522  2610.23 
  741.76 09 12 20.75  750.00   16.22   -1.19   30.45    2.46    0.52    2.51  257.90    2.83     2576  120.388063   23.184568  2621.80 
  744.88 09 12 23.87  749.00   16.14   -1.44   30.02    0.61    0.30    0.68  243.71    3.55     2587  120.388139   23.184609  2634.10 
  748.33 09 12 27.33  748.00   16.11   -1.78   29.37    2.31    2.67    3.55  220.31    3.44     2598  120.388230   23.184667  2645.36 
  751.72 09 12 30.72  747.00   16.04   -2.04   28.93    2.02    1.50    2.51  233.87    2.95     2609  120.388294   23.184704  2655.82 
  754.90 09 12 33.89  746.00   15.98   -2.37   28.33    1.89    0.38    2.02  266.40    3.80     2619  120.388369   23.184749  2665.92 
  758.09 09 12 37.09  745.00   15.93   -2.72   27.70    2.13    0.44    2.30  265.07    3.65     2630  120.388433   23.184792  2675.93 
  761.16 09 12 40.16  744.00   15.88   -3.13   26.95    3.12    1.03    3.54  251.10    3.59     2641  120.388482   23.184842  2688.54 
  764.57 09 12 43.57  743.00   15.83   -3.51   26.29    1.66    2.24    2.90  213.56    3.52     2652  120.388526   23.184881  2700.44 
  767.68 09 12 46.67  742.00   15.78   -3.71   25.97    1.78    1.93    2.62  223.87    3.50     2663  120.388567   23.184917  2710.61 
  770.85 09 12 49.85  741.00   15.75   -2.28   28.97    4.62    0.34    4.77  260.43    3.85     2674  120.388626   23.184950  2723.26 
  774.51 09 12 53.50  740.00   15.69   -3.91   25.75    0.71    1.55    3.22  201.81    3.39     2685  120.388670   23.184990  2735.82 
  777.87 09 12 56.87  739.00   15.62   -4.09   25.50   -0.36    4.32    4.34  176.86    3.55     2696  120.388680   23.185037  2746.65 
  781.13 09 13 00.12  738.00   15.54   -4.33   25.19    3.34    4.25    5.40  218.17    6.08     2707  120.388711   23.185091  2759.44 
  784.46 09 13 03.46  737.00   15.50   -4.54   24.85    0.58    1.15    1.37  198.04    3.38     2718  120.388740   23.185145  2769.84 
  787.94 09 13 06.93  736.00   15.44   -4.67   24.69    0.12    2.61    2.65  182.94    2.93     2729  120.388750   23.185180  2782.91 
  790.93 09 13 09.92  735.00   15.45   -4.67   24.69    3.67    2.01    4.29  239.53    3.67     2740  120.388759   23.185229  2793.55 
  794.40 09 13 13.39  734.00   15.40   -4.87   24.40    0.62    3.14    3.20  191.20    3.44     2751  120.388770   23.185294  2805.09 
  797.82 09 13 16.82  733.00   15.32   -5.05   24.20    1.83    3.45    4.32  204.60    2.70     2762  120.388780   23.185366  2816.30 
  801.25 09 13 20.25  732.00   15.21   -5.22   24.05    1.95    3.13    3.69  210.48    3.27     2772  120.388790   23.185443  2829.25 
  804.58 09 13 23.57  731.00   15.12   -5.27   24.10   -0.79    2.08    2.28  161.35    3.18     2783  120.388784   23.185506  2839.07 
  807.91 09 13 26.90  730.00   15.05   -5.49   23.81   -1.68    3.96    4.34  158.78    2.92     2794  120.388781   23.185588  2851.17 
  811.53 09 13 30.53  729.00   14.98   -5.72   23.50   -1.14    3.75    3.93  164.18    2.97     2805  120.388775   23.185681  2863.23 
  814.96 09 13 33.95  728.00   14.91   -6.23   22.71   -1.22    4.48    4.67  165.92    4.75     2816  120.388770   23.185759  2875.04 
  818.52 09 13 37.52  727.00   14.85   -6.61   22.14   -0.28    4.42    4.55  173.97    2.90     2827  120.388775   23.185826  2886.00 
  822.08 09 13 41.07  726.00   14.76   -6.72   22.08    1.44    3.44    3.73  202.74    2.63     2838  120.388800   23.185912  2897.42 
  825.83 09 13 44.83  725.00   14.65   -7.31   21.25    1.13    5.13    5.26  193.09    2.45     2848  120.388828   23.185975  2906.74 
  829.39 09 13 48.38  724.00   14.61   -7.61   20.82    0.21    2.07    2.08  186.25    3.04     2859  120.388854   23.186064  2918.33 
  832.98 09 13 51.98  723.00   14.52   -7.70   20.80    0.76    3.58    3.66  191.97    3.88     2870  120.388870   23.186160  2929.08 
  836.60 09 13 55.60  722.00   14.44   -7.78   20.78    0.72    2.66    2.76  195.21    2.77     2881  120.388916   23.186262  2941.40 
  840.20 09 13 59.19  721.00   14.35   -8.31   20.06    0.65    2.15    2.26  201.32    3.45     2892  120.388952   23.186358  2953.45 
  843.88 09 14 02.88  720.00   14.27   -8.85   19.32    2.06    3.65    4.21  208.85    3.06     2903  120.389000   23.186476  2964.80 
  847.69 09 14 06.69  719.00   14.21   -9.67   18.19    2.22    3.24    3.93  211.32    3.01     2914  120.389044   23.186544  2975.45 
  851.62 09 14 10.62  718.00   14.15  -10.55   17.05    1.91    2.66    3.28  214.68    3.92     2925  120.389116   23.186659  2986.02 
  855.19 09 14 14.18  717.00   14.06  -11.36   16.08    1.44    1.99    2.53  224.14    2.87     2936  120.389194   23.186756  2999.38 
  858.92 09 14 17.92  716.00   13.96  -11.95   15.42    1.99    3.60    4.12  208.93    3.57     2946  120.389278   23.186878  3010.56 
  862.83 09 14 21.83  715.00   13.91  -13.23   13.97    2.83    3.46    4.47  219.24    2.78     2958  120.389373   23.186985  3021.08 
  866.75 09 14 25.74  714.00   13.84  -14.48   12.68    3.51    3.39    4.91  226.08    2.94     2969  120.389482   23.187105  3033.04 
  870.29 09 14 29.29  713.00   13.77  -15.66   11.54    5.10    3.10    6.38  240.07    3.27     2980  120.389595   23.187202  3045.37 
  874.09 09 14 33.09  712.00   13.67  -16.65   10.70    1.55    1.26    2.06  223.66    2.18     2990  120.389734   23.187302  3057.12 
  878.30 09 14 37.29  711.00   13.63  -17.09   10.34    4.17    2.92    5.11  235.60    2.61     3002  120.389899   23.187402  3068.87 
  882.23 09 14 41.23  710.00   13.60  -17.28   10.20    5.53    4.31    7.01  232.60    3.06     3013  120.390052   23.187505  3080.51 
  885.99 09 14 44.98  709.00   13.54  -17.20   10.30    2.44    0.98    2.63  248.22    3.60     3025  120.390210   23.187590  3092.49 
  889.83 09 14 48.83  708.00   13.45  -17.37   10.22    5.26    5.25    7.44  225.36    2.96     3036  120.390392   23.187703  3104.40 
  893.92 09 14 52.91  707.00   13.42  -17.89    9.80    3.31    1.24    3.56  250.60    3.83     3047  120.390567   23.187780  3114.93 
  897.85 09 14 56.85  706.00   13.39  -18.88    9.03    7.26    3.37    8.10  246.19    2.81     3059  120.390781   23.187827  3127.43 
  901.60 09 15 00.60  705.00   13.37  -20.42    7.92    4.83   -0.48    4.93  273.34    3.31     3070  120.390960   23.187866  3137.98 
  905.57 09 15 04.56  704.00   13.34  -21.49    7.23    5.67    0.67    5.71  262.49    2.88     3082  120.391148   23.187906  3150.15 
  909.59 09 15 08.58  703.00   13.33  -22.03    6.90    4.02    0.95    4.13  256.53    2.64     3094  120.391344   23.187936  3161.78 
  913.39 09 15 12.39  702.00   13.36  -22.45    6.64    5.55    0.82    5.72  258.50    3.67     3106  120.391513   23.187954  3173.30 
  917.15 09 15 16.15  701.00   13.34  -22.79    6.45    5.80   -1.04    5.89  279.81    3.12     3118  120.391695   23.187952  3186.54 
  920.87 09 15 19.86  700.00   13.36  -23.07    6.29    5.53    1.66    5.81  256.09    3.43     3130  120.391863   23.187967  3197.42 
  924.73 09 15 23.73  699.00   13.31  -23.26    6.20    3.44    0.07    3.44  269.38    2.47     3141  120.392022   23.187963  3209.54 
  928.60 09 15 27.60  698.00   13.29  -23.39    6.14    5.95    0.88    6.06  260.09    3.12     3153  120.392190   23.187970  3221.41 
  932.44 09 15 31.44  697.00   13.27  -23.24    6.23    5.95    0.26    6.09  267.66    5.33     3165  120.392330   23.187963  3233.44 
  936.29 09 15 35.29  696.00   13.28  -23.47    6.10    6.47    0.39    6.48  266.75    3.00     3177  120.392492   23.187957  3245.54 
  940.14 09 15 39.14  695.00   13.27  -23.66    6.00    1.89   -0.34    2.02  268.01    6.15     3189  120.392626   23.187959  3258.28 
  943.65 09 15 42.65  694.00   13.23  -23.76    5.97    3.76   -1.84    4.29  299.68    2.76     3201  120.392750   23.187933  3269.45 
  947.09 09 15 46.08  693.00   13.19  -24.12    5.79    4.92    0.71    4.97  262.30    3.76     3212  120.392852   23.187921  3280.93 
  950.77 09 15 49.76  692.00   13.14  -24.42    5.65    3.79   -3.33    5.16  303.83    3.19     3224  120.392935   23.187915  3293.33 
  954.95 09 15 53.94  691.00   13.08  -25.37    5.21    0.80   -0.12    0.81  277.12    3.51     3235  120.393029   23.187910  3306.58 
  958.74 09 15 57.73  690.00   13.02  -25.50    5.17    4.08    0.07    4.08  268.93    5.38     3247  120.393132   23.187920  3319.13 
  962.51 09 16 01.50  689.00   12.97  -26.02    4.95    2.11    0.57    2.20  253.76    3.32     3258  120.393195   23.187940  3329.88 
  966.38 09 16 05.37  688.00   12.92  -26.30    4.84    3.59    1.65    3.98  245.93    3.24     3270  120.393271   23.187954  3341.80 
  970.13 09 16 09.13  687.00   12.85  -26.25    4.89    2.61    1.17    2.86  245.87    3.11     3281  120.393353   23.187970  3353.46 
  973.70 09 16 12.70  686.00   12.81  -26.31    4.87    3.79    1.49    4.84  252.56    3.82     3293  120.393414   23.187967  3366.29 
  977.46 09 16 16.45  685.00   12.76  -25.86    5.09    1.97    1.39    2.58  234.56    3.39     3305  120.393475   23.187985  3377.99 
  981.20 09 16 20.20  684.00   12.72  -24.99    5.52    3.40    0.90    3.52  254.80    3.21     3316  120.393532   23.188012  3389.90 
  985.05 09 16 24.05  683.00   12.68  -23.91    6.10    3.70   -0.63    3.78  279.73    2.96     3328  120.393601   23.188020  3403.54 
  988.57 09 16 27.57  682.00   12.65  -23.42    6.39    3.60    1.03    4.01  248.34    3.42     3340  120.393677   23.188026  3416.87 
  992.32 09 16 31.32  681.00   12.59  -22.61    6.89    2.26    0.20    2.28  260.70    2.98     3352  120.393740   23.188027  3428.66 
  996.24 09 16 35.23  680.00   12.57  -22.96    6.69    1.38    0.20    1.40  259.68    3.44     3364  120.393825   23.188032  3441.01 
  999.77 09 16 38.77  679.00   12.50  -23.06    6.65    4.25    2.62    5.01  240.57    3.51     3375  120.393875   23.188073  3452.95 
 1003.52 09 16 42.52  678.00   12.40  -23.49    6.45    2.82    1.67    3.65  230.25    3.14     3386  120.393950   23.188085  3464.98 
 1006.78 09 16 45.77  677.00   12.34  -23.62    6.40    2.96    2.72    4.13  229.08    3.87     3398  120.393998   23.188108  3475.24 
 1010.81 09 16 49.80  676.00   12.24  -22.59    7.06    2.18    1.43    2.63  239.28    2.89     3409  120.394038   23.188130  3488.73 
 1014.22 09 16 53.21  675.00   12.20  -22.17    7.34    1.76    2.64    3.48  207.48    3.28     3421  120.394066   23.188152  3500.87 
 1017.85 09 16 56.85  674.00   12.17  -21.95    7.50    2.13    1.22    2.46  241.27    4.01     3433  120.394127   23.188170  3512.23 
 1021.50 09 17 00.50  673.00   12.09  -21.85    7.60    2.51    2.33    3.47  226.38    2.58     3445  120.394165   23.188195  3524.30 
 1025.32 09 17 04.31  672.00   11.98  -19.46    9.42    1.67    2.26    2.81  216.21    2.67     3456  120.394213   23.188230  3535.69 
 1029.21 09 17 08.20  671.00   11.90  -16.81   11.86    3.59   -0.10    3.64  275.33    2.94     3467  120.394270   23.188260  3547.64 
 1032.85 09 17 11.84  670.00   11.81  -15.81   12.97    4.31    0.50    4.46  261.03    2.74     3478  120.394317   23.188272  3561.59 
 1036.45 09 17 15.45  669.00   11.75  -15.10   13.80    2.12    1.29    2.52  234.25    3.30     3490  120.394385   23.188295  3572.55 
 1040.08 09 17 19.08  668.00   11.68  -14.85   14.16    3.40    0.43    3.43  262.92    2.86     3502  120.394443   23.188310  3584.52 
 1043.74 09 17 22.73  667.00   11.64  -15.08   13.93    2.84    0.67    2.92  255.87    3.29     3514  120.394515   23.188317  3596.70 
 1047.19 09 17 26.18  666.00   11.55  -15.71   13.30    2.73    1.13    2.97  244.91    3.01     3525  120.394577   23.188340  3610.44 
 1050.97 09 17 29.97  665.00   11.50  -16.12   12.90    5.49    1.81    5.78  251.95    3.05     3537  120.394679   23.188389  3622.78 
 1054.66 09 17 33.65  664.00   11.45  -17.26   11.77    3.85   -0.11    4.21  265.76    3.24     3549  120.394753   23.188410  3635.11 
 1058.45 09 17 37.44  663.00   11.38  -18.43   10.71    3.72    1.40    3.97  249.23    2.94     3561  120.394843   23.188444  3648.94 
 1062.22 09 17 41.21  662.00   11.31  -19.22   10.06    2.96    1.71    3.47  239.76    2.78     3572  120.394934   23.188494  3661.45 
 1065.50 09 17 44.50  661.00   11.24  -19.45    9.90    2.29    2.48    3.39  231.90    3.74     3584  120.395000   23.188545  3672.76 
 1069.08 09 17 48.08  660.00   11.17  -19.51    9.90    4.11    0.18    4.12  267.08    3.62     3596  120.395091   23.188582  3684.04 
 1072.56 09 17 51.56  659.00   11.09  -19.77    9.73    3.10    2.98    4.34  232.59    3.09     3608  120.395171   23.188641  3696.95 
 1076.33 09 17 55.33  658.00   11.01  -19.62    9.94    3.60    2.82    4.60  228.61    3.43     3619  120.395263   23.188713  3710.10 
 1080.06 09 17 59.06  657.00   10.97  -21.97    8.11    1.64    2.12    2.77  214.52    3.24     3631  120.395342   23.188761  3722.58 
 1083.77 09 18 02.76  656.00   10.86  -22.41    7.85    5.16    1.36    5.34  255.46    3.27     3643  120.395461   23.188808  3734.87 
 1087.62 09 18 06.62  655.00   10.80  -22.98    7.50    3.02    0.52    3.08  258.53    3.06     3655  120.395579   23.188842  3748.18 
 1091.19 09 18 10.19  654.00   10.76  -22.23    8.04    2.70    1.40    3.05  242.64    2.96     3667  120.395696   23.188880  3760.24 
 1094.67 09 18 13.67  653.00   10.70  -21.91    8.30    4.59    2.53    5.54  242.70    3.69     3679  120.395810   23.188913  3773.58 
 1098.40 09 18 17.40  652.00   10.58  -22.08    8.24    4.58    3.09    5.71  236.90    3.00     3690  120.395920   23.188974  3786.78 
 1102.22 09 18 21.21  651.00   10.49  -21.53    8.70    2.76    1.38    3.24  252.45    3.08     3701  120.396066   23.189014  3799.43 
 1105.73 09 18 24.73  650.00   10.41  -20.33    9.71    4.96    1.99    5.47  246.67    2.98     3713  120.396197   23.189057  3812.53 
 1109.47 09 18 28.47  649.00   10.35  -16.02   14.05    3.74    0.70    3.82  258.12    3.54     3725  120.396349   23.189060  3825.08 
 1112.90 09 18 31.90  648.00   10.29  -12.46   18.86    7.53   -0.18    7.53  270.41    3.35     3737  120.396485   23.189061  3839.22 
 1116.49 09 18 35.48  647.00   10.22   -9.72   23.58    2.36   -0.72    2.46  286.49    5.81     3749  120.396625   23.189060  3851.35 
 1119.86 09 18 38.86  646.00   10.13   -8.00   27.13    4.33    0.27    4.34  266.21    3.66     3761  120.396764   23.189061  3862.95 
 1123.51 09 18 42.50  645.00   10.03   -6.81   29.91    5.00   -0.27    5.01  273.08    3.34     3772  120.396910   23.189050  3875.86 
 1126.81 09 18 45.81  644.00    9.94   -5.78   32.57    4.84   -0.52    4.92  278.56    4.20     3784  120.397052   23.189022  3888.94 
 1130.43 09 18 49.42  643.00    9.88   -5.14   34.34    4.98   -0.05    5.06  268.45    4.08     3796  120.397213   23.189000  3902.25 
 1133.95 09 18 52.95  642.00    9.79   -4.24   36.97    2.54   -0.55    2.59  282.17    4.17     3808  120.397369   23.188980  3915.83 
 1137.62 09 18 56.62  641.00    9.75   -3.58   38.92    5.35   -1.70    5.67  287.88    3.67     3820  120.397561   23.188950  3929.15 
 1140.76 09 18 59.76  640.00    9.73   -3.32   39.77    3.82   -0.98    3.95  283.21    3.88     3833  120.397701   23.188920  3942.50 
 1144.40 09 19 03.40  639.00    9.62   -3.05   40.86    5.64   -1.05    5.74  280.26    3.08     3844  120.397874   23.188896  3953.78 
 1148.09 09 19 07.08  638.00    9.52   -2.56   42.67    3.60   -0.35    3.62  275.21    3.25     3856  120.398064   23.188859  3964.64 
 1152.06 09 19 11.06  637.00    9.39   -1.83   45.43    6.98   -1.54    7.15  282.35    2.55     3867  120.398254   23.188819  3978.03 
 1155.50 09 19 14.49  636.00    9.28   -1.54   46.75    5.55   -1.12    5.67  281.30    3.11     3879  120.398440   23.188780  3991.88 
 1159.22 09 19 18.21  635.00    9.16   -1.34   47.82    5.07   -2.52    6.07  301.78    3.06     3890  120.398625   23.188718  4004.42 
 1162.97 09 19 21.96  634.00    9.03   -1.29   48.40    7.08    0.80    7.15  263.53    3.68     3901  120.398848   23.188670  4017.56 
 1166.84 09 19 25.84  633.00    8.88   -1.08   49.64    5.41   -2.22    5.85  292.35    3.03     3912  120.399052   23.188603  4030.23 
 1170.67 09 19 29.67  632.00    8.75   -0.99   50.43    6.48   -0.73    6.68  279.16    2.48     3924  120.399277   23.188550  4043.01 
 1174.54 09 19 33.54  631.00    8.68   -0.81   51.33    5.82   -2.03    6.17  289.32    2.66     3936  120.399492   23.188519  4056.87 
 1178.47 09 19 37.46  630.00    8.57   -0.91   51.35    4.91   -2.01    5.32  294.48    2.84     3947  120.399698   23.188451  4069.92 
 1182.45 09 19 41.45  629.00    8.41   -0.96   51.71    6.54   -1.80    6.79  284.56    2.44     3958  120.399937   23.188400  4083.12 
 1186.32 09 19 45.31  628.00    8.30   -0.91   52.32    4.34   -1.85    4.72  291.29    2.94     3970  120.400139   23.188341  4095.18 
 1189.88 09 19 48.88  627.00    8.22   -0.99   52.28    6.64   -2.23    7.07  288.33    3.96     3982  120.400352   23.188291  4106.42 
 1193.93 09 19 52.93  626.00    8.08   -1.08   52.40    5.95   -3.15    6.74  297.51    2.17     3993  120.400567   23.188231  4120.17 
 1197.94 09 19 56.94  625.00    7.96   -1.09   52.79    5.08   -0.66    5.12  277.38    2.29     4004  120.400796   23.188200  4133.96 
 1201.84 09 20 00.83  624.00    7.83   -1.14   53.07    6.32    0.23    6.35  267.93    3.13     4016  120.401020   23.188152  4146.90 
 1205.59 09 20 04.58  623.00    7.69   -1.19   53.40    7.38    0.35    7.76  268.12    2.84     4027  120.401241   23.188134  4160.82 
 1209.55 09 20 08.55  622.00    7.55   -1.23   53.76    6.17    0.97    6.66  267.03    3.05     4038  120.401483   23.188096  4174.47 
 1213.39 09 20 12.39  621.00    7.44   -1.22   54.20    6.05   -0.82    6.27  277.88    2.81     4050  120.401710   23.188072  4187.80 
 1216.81 09 20 15.80  620.00    7.34   -1.23   54.54    7.93   -3.29    8.69  288.94    4.28     4062  120.401907   23.188034  4199.34 
 1220.42 09 20 19.41  619.00    7.24   -1.24   54.90    6.71    0.77    6.75  263.96    2.91     4073  120.402131   23.188010  4215.06 
 1224.14 09 20 23.14  618.00    7.14   -1.26   55.20    5.91   -2.69    6.85  294.36    2.95     4085  120.402328   23.187980  4228.41 
 1227.91 09 20 26.90  617.00    7.03   -1.30   55.40    6.12    0.09    6.12  269.25    3.31     4097  120.402534   23.187969  4241.51 
 1232.00 09 20 31.00  616.00    6.90   -1.30   55.90    7.43   -1.54    7.59  281.68    3.49     4108  120.402760   23.187950  4254.70 
 1235.87 09 20 34.86  615.00    6.77   -1.45   55.80    4.13   -0.48    4.16  276.87    3.10     4120  120.402943   23.187913  4267.58 
 1239.98 09 20 38.98  614.00    6.67   -1.45   56.20    7.10    2.13    7.43  253.42    3.55     4132  120.403189   23.187920  4279.98 
 1243.71 09 20 42.71  613.00    6.57   -1.54   56.23    5.59   -1.32    5.78  281.93    3.30     4144  120.403368   23.187920  4290.18 
 1247.74 09 20 46.73  612.00    6.45   -1.60   56.43    5.28   -0.24    5.29  271.57    3.21     4155  120.403614   23.187900  4301.48 
 1251.25 09 20 50.24  611.00    6.31   -1.65   56.72    3.94    0.58    3.99  260.17    3.45     4167  120.403805   23.187898  4314.00 
 1255.31 09 20 54.31  610.00    6.19   -1.73   56.86    6.74    1.43    7.00  258.07    2.99     4178  120.404029   23.187900  4329.05 
 1259.14 09 20 58.14  609.00    6.10   -1.78   57.01    6.71   -3.75    7.81  297.12    3.03     4190  120.404257   23.187910  4342.62 
 1263.09 09 21 02.09  608.00    5.94   -1.85   57.40    7.33    4.06    8.44  241.90    2.49     4201  120.404475   23.187920  4355.76 
 1267.16 09 21 06.16  607.00    5.80   -1.94   57.52    7.82    2.17    8.12  254.33    4.49     4213  120.404714   23.187924  4368.94 
 1271.08 09 21 10.08  606.00    5.68   -2.01   57.75    5.37   -1.24    5.90  277.62    4.62     4224  120.404945   23.187925  4382.23 
 1275.01 09 21 14.01  605.00    5.58   -2.02   58.10    6.45    0.43    6.46  266.18    3.86     4236  120.405171   23.187930  4396.09 
 1278.83 09 21 17.83  604.00    5.46   -2.10   58.23    5.64    0.42    5.77  264.08    4.46     4248  120.405402   23.187938  4409.05 
 1282.69 09 21 21.68  603.00    5.38   -2.12   58.47    8.57   -0.36    8.60  271.28    3.64     4260  120.405638   23.187950  4422.98 
 1286.31 09 21 25.31  602.00    5.26   -2.20   58.57    5.85    1.03    6.00  260.34    3.30     4272  120.405856   23.187960  4436.50 
 1290.46 09 21 29.45  601.00    5.18   -2.20   58.95    7.59    0.26    7.60  268.39    2.73     4284  120.406122   23.187955  4451.17 
 1294.68 09 21 33.68  600.00    5.04   -2.27   59.20    6.31    2.05    6.71  251.84    3.22     4296  120.406381   23.187984  4465.18 
 1298.49 09 21 37.48  599.00    4.91   -2.31   59.55    7.95   -0.62    8.09  275.10    5.07     4307  120.406592   23.187995  4478.54 
 1302.42 09 21 41.41  598.00    4.80   -2.35   59.86    8.00    0.26    8.02  266.68    2.64     4319  120.406845   23.188008  4491.97 
 1306.22 09 21 45.22  597.00    4.65   -2.41   60.20    5.13    0.91    5.23  257.82    3.34     4331  120.407085   23.188028  4504.97 
 1310.06 09 21 49.05  596.00    4.51   -2.48   60.51    8.99    3.67    9.72  247.91    2.76     4342  120.407343   23.188041  4518.81 
 1313.85 09 21 52.85  595.00    4.38   -2.49   60.97    5.32   -0.83    5.43  279.42    3.67     4354  120.407563   23.188051  4532.70 
 1318.00 09 21 57.00  594.00    4.24   -2.58   61.20    6.43    2.13    6.78  251.66    2.33     4365  120.407840   23.188080  4547.46 
 1321.90 09 22 00.89  593.00    4.12   -2.53   61.94    8.41   -0.51    8.43  273.44    3.77     4377  120.408102   23.188090  4560.34 
 1325.74 09 22 04.74  592.00    4.09   -2.61   61.70    6.22    0.87    6.29  261.85    3.10     4390  120.408344   23.188117  4572.84 
 1329.55 09 22 08.54  591.00    3.93   -2.74   61.80    7.24    2.46    7.69  252.03    2.54     4402  120.408598   23.188135  4584.66 
 1333.62 09 22 12.62  590.00    3.78   -2.83   62.00    7.28    0.27    7.34  264.01    2.76     4413  120.408883   23.188170  4599.12 
 1337.37 09 22 16.37  589.00    3.68   -2.91   62.10    7.63    2.40    8.00  252.48    2.84     4425  120.409139   23.188187  4613.64 
 1341.43 09 22 20.42  588.00    3.54   -2.99   62.34    7.61    1.47    7.75  259.85    3.00     4437  120.409414   23.188214  4627.17 
 1345.71 09 22 24.70  587.00    3.44   -3.03   62.60    6.23    2.11    6.61  252.96    3.17     4449  120.409722   23.188237  4639.25 
 1349.82 09 22 28.81  586.00    3.32   -3.07   62.92    6.15    2.16    6.61  251.15    2.86     4461  120.410011   23.188256  4653.33 
 1354.09 09 22 33.08  585.00    3.18   -3.13   63.30    8.17   -3.03    8.74  289.94    1.86     4472  120.410325   23.188281  4665.29 
 1358.15 09 22 37.15  584.00    3.07   -3.17   63.62    9.02    3.16    9.58  251.34    2.65     4484  120.410631   23.188292  4678.49 
 1361.84 09 22 40.84  583.00    2.98   -3.15   64.06    3.98   -0.29    3.99  274.16    3.76     4497  120.410892   23.188300  4692.95 
 1365.86 09 22 44.86  582.00    2.86   -3.27   64.09   10.83   -0.33   10.87  270.48    3.01     4509  120.411188   23.188340  4705.92 
 1369.92 09 22 48.91  581.00    2.74   -3.29   64.49    6.24    2.04    6.59  251.35    3.49     4521  120.411494   23.188378  4720.39 
 1373.58 09 22 52.57  580.00    2.63   -3.35   64.76    8.46   -0.39    8.57  269.38    3.25     4533  120.411772   23.188390  4733.94 
 1377.22 09 22 56.21  579.00    2.49   -3.47   64.80   10.16    3.20   10.66  253.06    2.97     4544  120.412075   23.188402  4747.72 
 1381.13 09 23 00.13  578.00    2.32   -3.61   64.91    7.35   -2.63    8.12  290.92    2.65     4556  120.412372   23.188431  4763.47 
 1385.11 09 23 04.11  577.00    2.18   -3.73   65.00    7.59    3.50    8.67  245.67    3.78     4567  120.412718   23.188470  4777.37 
 1389.00 09 23 07.99  576.00    2.04   -3.83   65.10    9.41   -2.28    9.68  283.63    4.04     4579  120.413050   23.188480  4792.31 
 1393.05 09 23 12.05  575.00    1.93   -4.04   64.60    9.29    2.49    9.73  254.63    2.56     4591  120.413405   23.188519  4804.86 
 1397.03 09 23 16.02  574.00    1.79   -3.61   67.40   12.39    0.12   12.41  269.14    3.29     4603  120.413783   23.188511  4818.06 
 1400.81 09 23 19.81  573.00    1.66   -4.38   64.22    8.00    1.62    8.18  259.22    2.64     4615  120.414125   23.188528  4830.76 
 1404.53 09 23 23.53  572.00    1.52   -4.50   64.30   10.22    1.04   11.22  265.27    3.05     4626  120.414469   23.188545  4847.87 
 1408.35 09 23 27.34  571.00    1.33   -4.63   64.50    8.37    0.34    8.87  263.78    2.62     4637  120.414801   23.188577  4860.90 
 1412.24 09 23 31.24  570.00    1.21   -4.73   64.63    9.69   -0.32   10.16  269.97    3.41     4649  120.415160   23.188595  4875.10 
 1415.52 09 23 34.51  569.00    1.11   -4.96   63.90   11.62    2.39   11.87  259.25    3.99     4662  120.415477   23.188646  4885.96 
 1419.05 09 23 38.04  568.00    0.99   -5.09   63.88   10.78   -4.00   11.58  290.28    3.73     4674  120.415835   23.188670  4899.08 
 1422.37 09 23 41.37  567.00    0.83   -5.67   61.81   10.74   -0.47   10.96  275.84    3.87     4685  120.416179   23.188694  4914.09 
 1426.24 09 23 45.23  566.00    0.78   -6.24   59.43   14.73    1.42   14.91  263.36    3.48     4699  120.416608   23.188697  4926.05 
 1429.97 09 23 48.96  565.00    0.71   -6.68   57.71   11.37    4.71   12.35  247.44    3.39     4712  120.417036   23.188739  4941.65 
 1433.67 09 23 52.67  564.00    0.59   -7.25   55.73   12.17    1.97   12.70  262.34    3.41     4724  120.417468   23.188803  4955.02 
 1437.31 09 23 56.31  563.00    0.48   -7.94   53.28   11.70    2.76   12.26  255.79    3.54     4736  120.417897   23.188833  4968.67 
 1441.37 09 24 00.36  562.00    0.40   -8.84   49.93   13.52   -0.88   13.73  275.63    3.98     4749  120.418435   23.188870  4983.51 
 1445.34 09 24 04.33  561.00    0.28  -11.07   42.29   12.46   -0.16   13.15  267.40    3.82     4761  120.418957   23.188880  4997.47 
 1450.02 09 24 09.01  560.00    0.24  -13.96   33.57   11.85    3.07   12.25  255.43    3.37     4775  120.419602   23.188850  5010.09 
 1454.46 09 24 13.46  559.00    0.14  -16.85   26.65   13.61   -1.69   13.78  275.76    2.85     4787  120.420225   23.188845  5023.60 
 1459.01 09 24 18.01  558.00    0.10  -19.47   21.39   15.80   -2.10   15.94  277.57    2.73     4801  120.420832   23.188820  5038.87 
 1463.06 09 24 22.06  557.00    0.09  -21.70   17.65   11.37    2.33   11.67  257.88    3.80     4815  120.421369   23.188790  5053.04 
 1467.43 09 24 26.43  556.00    0.07  -24.04   14.38   12.35   -1.10   13.08  276.40    3.16     4829  120.421946   23.188780  5068.31 
 1471.77 09 24 30.76  555.00    0.09  -25.93   12.12   12.80   -0.09   12.83  270.95    3.51     4844  120.422510   23.188770  5082.64 
 1475.89 09 24 34.89  554.00    0.09  -27.65   10.34   15.14   -3.07   15.47  281.06    3.40     4858  120.423036   23.188742  5098.51 
 1479.81 09 24 38.80  553.00    0.10  -29.14    9.00   11.31    0.72   11.33  266.38    3.96     4873  120.423547   23.188728  5113.14 
 1484.12 09 24 43.12  552.00    0.11  -30.46    7.94   14.65    1.45   14.77  265.39    3.62     4888  120.424134   23.188709  5128.51 
 1488.29 09 24 47.29  551.00    0.12  -32.12    6.77   11.00   -1.19   11.15  277.98    4.05     4902  120.424638   23.188670  5141.95 
 1492.69 09 24 51.68  550.00    0.08  -33.40    6.00   13.96    1.50   14.06  263.44    4.95     4916  120.425216   23.188650  5155.99 
 1496.56 09 24 55.55  549.00    0.04  -34.23    5.54   12.38   -3.01   12.75  283.47    6.99     4930  120.425719   23.188620  5169.69 
 1500.65 09 24 59.65  548.00    0.02  -35.23    5.03   11.52   -1.52   11.69  276.73    5.58     4944  120.426243   23.188610  5183.86 
 1504.81 09 25 03.80  547.00   -0.05  -36.16    4.62   14.02   -2.16   14.28  277.70   10.49     4957  120.426772   23.188605  5198.38 
 1508.66 09 25 07.66  546.00   -0.12  -37.06    4.23   11.29    0.38   11.33  267.77   19.95     4971  120.427267   23.188573  5212.91 
 1512.81 09 25 11.81  545.00   -0.16  -38.30    3.78   13.05   -0.13   13.08  269.73   26.33     4985  120.427785   23.188535  5227.49 
 1516.99 09 25 15.99  544.00   -0.20  -39.57    3.33   15.24   -0.92   15.29  272.83   32.42     4999  120.428305   23.188497  5242.08 
 1521.36 09 25 20.35  543.00   -0.27  -40.96    2.86   11.96   -0.67   12.08  273.83    2.59     5012  120.428863   23.188460  5257.84 
 1525.45 09 25 24.45  542.00   -0.30  -41.98    2.58   15.37   -0.99   15.44  273.31   10.88     5026  120.429399   23.188404  5271.82 
 1530.02 09 25 29.02  541.00   -0.39  -42.72    2.40   15.55   -2.99   15.84  280.87    2.36     5039  120.430002   23.188350  5286.96 
 1534.24 09 25 33.24  540.00   -0.46  -43.48    2.22   13.85    0.74   13.97  266.16    3.12     5053  120.430566   23.188318  5301.44 
 1538.66 09 25 37.66  539.00   -0.54  -43.91    2.13   13.49   -0.63   13.70  273.25    3.07     5066  120.431156   23.188253  5315.98 
 1543.01 09 25 42.01  538.00   -0.60  -44.10    2.10   12.98   -2.59   13.25  281.28    3.59     5080  120.431762   23.188200  5329.48 
 1547.73 09 25 46.73  537.00   -0.71  -44.50    2.03   14.39   -2.86   14.68  281.37    2.64     5093  120.432410   23.188128  5345.05 
 1552.14 09 25 51.13  536.00   -0.79  -44.62    2.01   15.71   -1.55   15.86  276.10    2.72     5106  120.433038   23.188076  5361.01 
 1556.44 09 25 55.43  535.00   -0.88  -44.74    2.00   15.62   -1.01   15.76  274.60    3.24     5119  120.433650   23.187996  5375.03 
 1560.81 09 25 59.80  534.00   -0.94  -44.78    2.00   13.27   -4.24   14.10  287.53    3.29     5133  120.434275   23.187934  5389.03 
 1565.11 09 26 04.11  533.00   -1.03  -44.39    2.10   14.36   -0.42   14.53  271.29    3.42     5146  120.434917   23.187876  5403.71 
 1569.80 09 26 08.80  532.00   -1.16  -44.31    2.14   14.12    0.20   14.15  268.74    3.67     5159  120.435620   23.187780  5419.36 
 1574.32 09 26 13.32  531.00   -1.23  -43.82    2.27   16.15   -0.18   16.16  270.38    3.21     5173  120.436305   23.187690  5434.21 
 1579.65 09 26 18.64  530.00   -1.33  -43.50    2.36   17.00   -3.00   17.34  280.67    1.84     5186  120.437130   23.187611  5450.31 
 1584.04 09 26 23.03  529.00   -1.41  -43.79    2.30   17.23    1.10   17.32  266.34    2.71     5199  120.437806   23.187529  5464.99 
 1588.67 09 26 27.67  528.00   -1.50  -43.60    2.37   16.90   -1.24   17.13  275.51    2.90     5213  120.438558   23.187423  5481.19 
 1593.71 09 26 32.71  527.00   -1.51  -43.88    2.30   15.71   -2.35   15.89  278.62    2.89     5227  120.439367   23.187326  5495.13 
 1598.14 09 26 37.14  526.00   -1.56  -43.90    2.30   15.98   -0.11   16.02  270.40    3.23     5242  120.440071   23.187249  5508.75 
 1602.70 09 26 41.70  525.00   -1.66  -43.98    2.30   16.41   -2.24   16.62  277.66    3.00     5255  120.440793   23.187156  5524.17 
 1607.70 09 26 46.70  524.00   -1.70  -44.29    2.23   17.11   -2.56   17.30  278.53    3.08     5269  120.441599   23.187056  5539.59 
 1612.39 09 26 51.39  523.00   -1.81  -44.33    2.24   17.85   -1.80   17.98  275.52    2.66     5282  120.442351   23.186982  5555.54 
 1617.14 09 26 56.13  522.00   -1.91  -44.57    2.21   16.92   -1.72   17.04  275.60    2.84     5295  120.443124   23.186906  5570.13 
 1621.99 09 27 00.99  521.00   -2.00  -44.62    2.20   13.40    0.73   13.43  266.84    2.74     5309  120.443919   23.186820  5585.31 
 1626.86 09 27 05.85  520.00   -2.11  -44.99    2.13   17.77   -1.29   17.86  273.41   13.92     5322  120.444732   23.186716  5600.33 
 1631.72 09 27 10.71  519.00   -2.21  -45.18    2.10   17.74   -1.76   17.84  275.56    2.88     5335  120.445539   23.186623  5614.03 
 1636.29 09 27 15.29  518.00   -2.34  -45.14    2.13   18.25   -1.58   18.32  274.91    4.29     5348  120.446306   23.186534  5629.44 
 1641.44 09 27 20.43  517.00   -2.43  -44.99    2.18   20.11   -2.24   20.23  276.33    6.01     5362  120.447174   23.186449  5645.17 
 1645.93 09 27 24.92  516.00   -2.51  -45.37    2.10   14.19   -1.14   14.23  274.61    5.82     5376  120.447947   23.186352  5659.95 
 1650.69 09 27 29.68  515.00   -2.63  -44.68    2.29   17.71   -0.78   17.75  272.58    7.50     5388  120.448758   23.186275  5675.08 
 1655.21 09 27 34.20  514.00   -2.72  -44.74    2.29   16.94   -5.82   17.92  288.80    2.68     5402  120.449513   23.186206  5691.77 
 1659.98 09 27 38.98  513.00   -2.83  -44.77    2.30   18.28   -3.58   18.63  281.04    2.65     5415  120.450327   23.186110  5706.86 
 1664.70 09 27 43.70  512.00   -2.97  -44.87    2.30   16.09   -2.77   16.39  279.71    3.09     5428  120.451112   23.186029  5721.84 
 1669.16 09 27 48.15  511.00   -3.07  -45.34    2.20   16.27   -1.61   16.38  275.69    2.99     5441  120.451865   23.185927  5735.73 
 1674.06 09 27 53.06  510.00   -3.19  -45.40    2.21   17.43    0.02   17.49  270.13    3.32     5455  120.452699   23.185828  5753.21 
 1678.45 09 27 57.45  509.00   -3.29  -45.27    2.25   18.22   -1.31   18.48  274.10    3.26     5468  120.453441   23.185725  5766.97 
 1683.01 09 28 02.01  508.00   -3.44  -45.18    2.30   16.05   -6.09   17.18  290.80    6.85     5481  120.454202   23.185630  5782.20 
 1687.66 09 28 06.66  507.00   -3.58  -45.28    2.30   16.71   -3.45   17.26  282.46    3.14     5493  120.455003   23.185497  5796.79 
 1692.20 09 28 11.19  506.00   -3.69  -45.05    2.38   18.17   -1.69   18.28  275.35    2.64     5507  120.455763   23.185374  5811.25 
 1696.72 09 28 15.72  505.00   -3.80  -45.43    2.30   18.61   -2.39   18.79  277.29    5.43     5520  120.456514   23.185238  5826.68 
 1701.13 09 28 20.13  504.00   -3.90  -45.50    2.30   17.33   -3.89   17.77  282.69    2.58     5534  120.457271   23.185123  5842.14 
 1705.95 09 28 24.94  503.00   -4.01  -45.58    2.30   18.64   -2.63   18.83  278.04    3.69     5547  120.458091   23.184972  5857.98 
 1710.31 09 28 29.31  502.00   -4.09  -45.63    2.30   18.10   -3.85   18.58  281.99    3.06     5561  120.458826   23.184824  5873.06 
 1714.63 09 28 33.62  501.00   -4.19  -45.70    2.30   16.59   -4.96   17.35  286.47    3.45     5575  120.459550   23.184669  5888.72 
 1719.19 09 28 38.19  500.00   -4.31  -45.73    2.31   19.05   -0.54   19.08  271.66    3.67     5588  120.460342   23.184543  5904.48 
 1723.63 09 28 42.62  499.00   -4.43  -44.99    2.53   18.59   -5.95   19.52  287.75    4.28     5601  120.461097   23.184374  5919.72 
 1727.77 09 28 46.76  498.00   -4.55  -43.97    2.85   19.44   -6.22   20.51  287.23    3.58     5615  120.461808   23.184232  5935.31 
 1732.24 09 28 51.24  497.00   -4.63  -43.49    3.02   16.66   -2.25   16.94  276.84    6.23     5629  120.462584   23.184080  5951.75 
 1736.85 09 28 55.85  496.00   -4.74  -44.23    2.81   18.25   -2.19   18.56  276.88    3.81     5642  120.463404   23.183906  5967.65 
 1741.14 09 29 00.13  495.00   -4.78  -44.84    2.64   19.39   -4.64   19.94  283.40   11.96     5657  120.464141   23.183762  5982.54 
 1745.48 09 29 04.47  494.00   -4.82  -45.93    2.35   18.26   -2.54   18.45  278.43    3.08     5672  120.464891   23.183610  5998.27 
 1749.84 09 29 08.84  493.00   -4.90  -47.08    2.09   16.44   -4.04   16.93  283.58   10.39     5687  120.465640   23.183446  6013.85 
 1753.99 09 29 12.98  492.00   -4.96  -48.41    1.80   14.73   -8.13   16.82  298.89    6.87     5701  120.466358   23.183270  6029.48 
 1759.15 09 29 18.14  491.00   -5.17  -48.55    1.80   38.03   10.56   32.01  217.73  -16.96     5713  120.467235   23.182961  6043.52 
