Data Type/Direction:                       StormTracker/Ascending
File Format/Version:                       EOL Sounding Format/1.1
Project Name/Platform:                     unknown/StormTracker
Launch Site:                               unknown
Launch Location (lon,lat,alt):             120.37646000000001, 23.185978828328142, 84.8436781724867
UTC Launch Time (y,m,d,h,m,s):             2021, 04, 02, 07:00:01
Sonde Id/Sonde Type:                       unknown/StormTracker/
Reference Launch Data Source/Time:         unknown/unknown
System Operator/Comments:                  SOUNDING IN EOL FORMAT/
Post Processing Comments:                  AIQC_process_v2.1_L2; Created on 10 Dec 2021 08:40 UTC  
/
  Time   -- UTC  --   Press    Temp   Dewpt    RH     Uwind   Vwind   Wspd     Dir     dZ    GeoPoAlt     Lon         Lat      GPSAlt 
   sec   hh mm   ss     mb      C       C       %      m/s     m/s     m/s     deg     m/s       m        deg         deg         m   
-------- -- -- ----- ------- ------- ------- ------- ------- ------- ------- ------- ------- -------- ----------- ----------- --------
    0.00 07 00 01.00 1006.52   23.84   22.67   93.20    0.45   -0.06    0.46  277.37    0.00       84  120.376460   23.185970    84.24 
    2.12 07 00 03.11 1006.00   23.83   22.66   93.20    0.58    0.90    1.42  207.91    3.14       89  120.376460   23.185979    84.84 
    4.97 07 00 05.96 1005.00   23.81   22.63   93.10    1.30   -0.15    1.31  277.04    3.49       97  120.376450   23.185960    92.73 
    6.93 07 00 07.92 1004.00   23.81   22.61   93.00   -1.86   -1.95    2.86   71.73    4.73      106  120.376450   23.185940    99.24 
   10.02 07 00 11.02 1003.00   23.80   22.35   91.60   -2.23    0.06    2.27   91.88    3.54      115  120.376400   23.185920   106.87 
   13.39 07 00 14.39 1002.00   23.83   22.19   90.52   -2.19   -1.05    2.43   64.07    2.73      123  120.376356   23.185892   115.62 
   16.45 07 00 17.45 1001.00   23.88   22.27   90.74   -2.50   -1.61    3.26   58.26    2.83      132  120.376305   23.185870   125.69 
   19.63 07 00 20.63 1000.00   23.94   22.41   91.16   -1.16   -0.67    1.34   58.38    2.41      141  120.376267   23.185850   133.09 
   22.52 07 00 23.51  999.00   24.02   22.58   91.65   -3.11   -1.11    3.49   71.32    3.05      149  120.376255   23.185835   142.35 
   25.51 07 00 26.51  998.00   24.10   22.69   91.89   -1.60   -1.72    2.44   44.37    3.17      158  120.376225   23.185810   151.79 
   28.48 07 00 29.47  997.00   24.17   22.62   91.06   -2.60   -1.54    3.04   62.03    2.96      167  120.376195   23.185790   161.81 
   31.27 07 00 32.27  996.00   24.24   22.57   90.42   -1.04   -1.28    1.72   36.70    3.17      176  120.376177   23.185770   170.76 
   34.33 07 00 35.32  995.00   24.34   22.56   89.80   -0.07   -2.17    2.18  118.28    2.55      184  120.376167   23.185737   178.55 
   37.44 07 00 38.44  994.00   24.45   22.54   89.11   -1.97   -2.03    3.38   46.58    2.61      193  120.376144   23.185716   189.39 
   40.55 07 00 41.55  993.00   24.53   22.50   88.43    0.64   -2.51    2.68  148.45    3.06      202  120.376150   23.185674   196.61 
   43.78 07 00 44.77  992.00   24.61   22.48   87.99   -1.15   -2.83    3.40  101.66    2.56      211  120.376150   23.185648   207.29 
   47.11 07 00 48.10  991.00   24.63   22.41   87.49   -0.21   -0.90    0.94   59.59    2.64      220  120.376141   23.185618   215.79 
   50.03 07 00 51.03  990.00   24.64   22.37   87.20   -1.99   -2.99    3.59   33.76    3.00      228  120.376140   23.185599   223.61 
   53.05 07 00 54.05  989.00   24.68   22.37   86.98    0.27   -3.33    3.43  337.71    3.09      237  120.376129   23.185560   232.30 
   56.16 07 00 57.16  988.00   24.69   22.30   86.57   -0.28   -1.28    1.31   12.29    3.41      246  120.376128   23.185538   241.14 
   59.43 07 01 00.43  987.00   24.69   22.23   86.20    0.44   -2.06    2.26  154.17    2.65      255  120.376124   23.185506   251.83 
   62.60 07 01 03.60  986.00   24.69   22.21   86.10   -0.62   -2.39    2.47   14.88    2.61      264  120.376110   23.185468   259.32 
   65.50 07 01 06.49  985.00   24.69   22.32   86.71    0.82   -4.05    4.22  175.38    3.16      273  120.376100   23.185425   269.33 
   68.50 07 01 09.49  984.00   24.67   22.13   85.80   -0.40   -1.19    1.41  197.61    2.86      281  120.376110   23.185395   276.70 
   71.80 07 01 12.80  983.00   24.63   22.11   85.90   -0.10   -2.75    2.78   72.18    2.57      290  120.376110   23.185352   283.64 
   74.87 07 01 15.86  982.00   24.58   22.08   86.00   -0.39   -3.55    3.60   48.65    2.96      299  120.376120   23.185313   293.32 
   77.94 07 01 18.93  981.00   24.55   22.07   86.10    0.02   -0.50    0.50  357.90    2.79      308  120.376130   23.185281   301.23 
   80.88 07 01 21.88  980.00   24.51   22.05   86.19    1.76    0.97    2.47  248.08    2.52      317  120.376139   23.185250   310.65 
   83.87 07 01 24.87  979.00   24.48   21.95   85.81    0.54   -1.38    1.49  338.18    2.62      326  120.376140   23.185211   318.06 
   86.64 07 01 27.64  978.00   24.45   21.91   85.74   -0.65   -3.74    3.85  136.74    3.19      335  120.376140   23.185157   330.35 
   89.49 07 01 30.49  977.00   24.42   21.89   85.80   -0.59   -1.56    1.68   15.22    3.04      343  120.376140   23.185120   340.08 
   93.17 07 01 34.17  976.00   24.35   21.84   85.92    0.64   -1.16    1.32  330.86    2.39      352  120.376152   23.185088   350.31 
   96.57 07 01 37.57  975.00   24.28   21.83   86.20    0.95   -3.45    3.59  347.46    2.84      361  120.376161   23.185049   362.05 
   99.69 07 01 40.69  974.00   24.23   21.78   86.20    1.36   -1.87    2.32  325.18    3.04      370  120.376187   23.185006   367.86 
  102.49 07 01 43.48  973.00   24.17   21.76   86.40    0.54   -3.61    3.88  181.83    3.27      379  120.376200   23.184975   377.77 
  105.44 07 01 46.44  972.00   24.14   21.75   86.51    0.83   -0.50    1.38  298.44    3.08      388  120.376210   23.184950   384.81 
  108.20 07 01 49.20  971.00   24.11   21.69   86.34    1.45    2.34    2.82  212.65    3.26      397  120.376230   23.184948   392.82 
  111.25 07 01 52.25  970.00   24.06   21.66   86.48    3.25   -1.53    3.61  295.96    2.83      406  120.376283   23.184925   403.27 
  113.87 07 01 54.86  969.00   24.00   21.66   86.77    2.80   -1.41    3.15  299.51    3.38      415  120.376297   23.184891   411.95 
  116.32 07 01 57.31  968.00   23.95   21.64   86.93    2.19   -1.20    2.52  300.51    2.94      423  120.376316   23.184850   420.53 
  118.99 07 01 59.98  967.00   23.88   21.51   86.60    2.86   -2.22    3.62  307.76    3.67      432  120.376380   23.184810   428.89 
  122.55 07 02 03.55  966.00   23.82   20.54   81.92    3.48   -2.56    4.37  304.16    2.75      441  120.376467   23.184780   439.48 
  126.14 07 02 07.13  965.00   23.78   20.13   80.03    1.80   -1.05    2.09  297.55    2.47      450  120.376553   23.184746   448.52 
  129.67 07 02 10.67  964.00   23.77   19.79   78.40    3.71   -2.47    4.52  303.34    2.37      459  120.376657   23.184707   456.46 
  133.33 07 02 14.32  963.00   23.78   19.79   78.40    3.77   -1.53    4.19  292.32    2.36      468  120.376767   23.184667   466.48 
  137.07 07 02 18.06  962.00   23.77   19.87   78.80    3.15   -1.45    3.48  294.50    1.97      477  120.376872   23.184620   474.58 
  140.84 07 02 21.84  961.00   23.77   19.83   78.62    2.22   -2.20    3.13  314.78    2.05      486  120.376957   23.184582   483.34 
  144.60 07 02 25.59  960.00   23.79   19.51   76.96    1.71   -1.86    2.53  317.47    2.56      495  120.377032   23.184528   492.43 
  148.32 07 02 29.32  959.00   23.80   19.45   76.63    2.48   -1.86    3.13  301.43    2.75      504  120.377110   23.184484   501.03 
  152.24 07 02 33.24  958.00   23.87   19.42   76.18    1.60   -0.88    1.83  298.00    2.28      514  120.377192   23.184440   507.88 
  156.15 07 02 37.15  957.00   23.88   19.42   76.16    2.93   -2.24    3.69  306.98    2.40      523  120.377273   23.184398   515.05 
  159.96 07 02 40.95  956.00   23.91   19.38   75.80    1.62   -1.42    2.18  312.66    2.55      532  120.377330   23.184360   526.57 
  164.16 07 02 45.16  955.00   23.92   19.32   75.45    3.47   -1.68    3.90  298.28    1.99      541  120.377392   23.184308   536.53 
  168.37 07 02 49.36  954.00   23.95   19.15   74.56    2.38   -1.25    2.72  299.34    2.12      550  120.377447   23.184266   546.04 
  172.33 07 02 53.33  953.00   23.99   18.97   73.57    1.49   -0.48    1.57  288.25    2.54      559  120.377503   23.184237   555.52 
  176.30 07 02 57.30  952.00   23.96   19.04   73.98    3.95   -0.04    3.95  271.34    2.36      568  120.377563   23.184210   565.60 
  180.32 07 03 01.32  951.00   23.95   18.73   72.60    1.75   -2.79    3.67  327.03    2.27      577  120.377613   23.184180   575.08 
  184.41 07 03 05.41  950.00   23.93   18.51   71.72    1.77   -1.71    2.65  298.19    2.27      587  120.377668   23.184162   584.35 
  188.39 07 03 09.39  949.00   23.92   18.50   71.70    0.96   -0.77    1.24  312.13    2.41      596  120.377710   23.184130   591.79 
  192.28 07 03 13.27  948.00   23.94   17.84   68.71    1.70   -1.22    2.09  305.75    2.65      605  120.377753   23.184097   600.66 
  196.33 07 03 17.33  947.00   23.96   16.75   64.07   -0.02   -2.67    2.74  119.02    2.47      614  120.377773   23.184070   609.28 
  200.49 07 03 21.49  946.00   23.99   16.20   61.76    1.25   -1.88    3.27  309.07    2.36      623  120.377800   23.184035   619.64 
  204.15 07 03 25.14  945.00   24.01   17.03   65.02    0.50   -1.13    1.73  345.27    2.33      633  120.377813   23.184000   629.84 
  207.90 07 03 28.90  944.00   24.07   17.68   67.51    0.44   -1.30    1.39  343.26    2.40      642  120.377839   23.183980   639.13 
  211.45 07 03 32.45  943.00   24.10   17.50   66.62    0.35   -2.88    3.13  149.26    2.40      651  120.377845   23.183950   649.04 
  214.86 07 03 35.86  942.00   24.15   16.92   64.04    1.97   -0.47    2.25  285.20    3.20      660  120.377850   23.183929   657.62 
  218.40 07 03 39.40  941.00   24.16   16.60   62.70   -0.65   -2.21    2.31   15.97    2.69      670  120.377846   23.183886   666.95 
  221.97 07 03 42.97  940.00   24.17   16.61   62.70   -1.48   -1.52    2.13   44.93    2.32      679  120.377820   23.183841   676.88 
  225.32 07 03 46.31  939.00   24.19   16.07   60.48   -2.36   -1.78    3.32   57.45    2.71      688  120.377800   23.183807   686.39 
  228.65 07 03 49.64  938.00   24.26   15.30   57.36   -0.37   -1.94    1.98   11.27    2.91      698  120.377790   23.183757   694.49 
  231.70 07 03 52.69  937.00   24.30   15.48   57.88   -0.54   -2.59    2.68   14.30    2.73      707  120.377780   23.183723   703.13 
  234.75 07 03 55.75  936.00   24.34   15.17   56.62   -1.19   -1.75    2.21   33.29    3.29      716  120.377765   23.183682   712.88 
  237.91 07 03 58.91  935.00   24.38   14.65   54.63    0.44   -3.00    3.03  320.79    2.73      726  120.377761   23.183622   721.27 
  240.98 07 04 01.98  934.00   24.40   14.66   54.59    1.34   -4.43    4.65  337.16    3.01      735  120.377770   23.183561   732.35 
  244.15 07 04 05.14  933.00   24.49   14.55   53.91    0.06   -0.95    1.00  297.58    2.59      745  120.377770   23.183509   740.63 
  247.16 07 04 08.15  932.00   24.49   14.75   54.61    0.38   -1.99    2.05  352.19    2.87      754  120.377772   23.183447   750.18 
  250.08 07 04 11.08  931.00   24.54   15.13   55.81    0.20   -1.87    1.94   27.36    3.22      764  120.377782   23.183398   759.24 
  253.08 07 04 14.08  930.00   24.56   15.12   55.69    1.41   -3.34    3.63  337.21    2.99      773  120.377791   23.183328   768.53 
  256.00 07 04 17.00  929.00   24.61   15.14   55.60    2.19   -3.27    3.94  326.12    2.90      782  120.377810   23.183260   779.54 
  258.92 07 04 19.91  928.00   24.64   15.03   55.11    0.72   -2.78    2.88  345.98    3.56      792  120.377829   23.183192   788.94 
  261.73 07 04 22.72  927.00   24.66   14.97   54.83   -0.76   -3.64    4.04  107.77    3.41      801  120.377835   23.183125   799.28 
  265.01 07 04 26.01  926.00   24.69   14.96   54.70    0.32   -2.14    2.16  351.76    2.33      811  120.377850   23.183050   808.53 
  267.68 07 04 28.68  925.00   24.68   15.00   54.87    1.12   -3.84    4.00  342.76    3.36      820  120.377867   23.182980   817.03 
  270.55 07 04 31.55  924.00   24.65   15.01   55.00    0.28   -3.72    3.76  153.27    3.69      830  120.377890   23.182903   826.83 
  273.37 07 04 34.36  923.00   24.65   15.01   55.00   -0.26   -3.99    4.00  134.51    3.39      839  120.377920   23.182829   835.62 
  276.13 07 04 37.12  922.00   24.64   15.03   55.11    0.21   -3.82    3.87  355.66    3.49      848  120.377933   23.182757   845.48 
  278.98 07 04 39.98  921.00   24.61   15.03   55.20   -0.01   -1.77    1.77    0.11    2.44      858  120.377950   23.182690   854.20 
  281.74 07 04 42.73  920.00   24.57   15.02   55.30    0.91   -3.36    3.54  343.21    2.98      867  120.377977   23.182615   864.92 
  284.64 07 04 45.64  919.00   24.56   15.05   55.46    0.98   -2.82    3.01  345.02    3.39      877  120.378003   23.182537   872.97 
  287.45 07 04 48.44  918.00   24.52   15.05   55.54    1.05   -3.74    3.91  339.26    3.49      886  120.378024   23.182452   882.99 
  290.20 07 04 51.20  917.00   24.50   15.12   55.92    3.00   -3.98    5.06  324.42    3.42      895  120.378062   23.182374   890.40 
  292.88 07 04 53.88  916.00   24.47   15.20   56.29   -0.03   -6.64    6.74   39.59    3.88      905  120.378099   23.182286   901.24 
  295.76 07 04 56.76  915.00   24.42   15.28   56.75    2.22   -5.81    6.22  338.85    3.41      914  120.378138   23.182202   910.40 
  298.62 07 04 59.62  914.00   24.37   15.35   57.16    2.29   -3.89    4.52  329.58    3.17      924  120.378189   23.182121   919.36 
  301.51 07 05 02.50  913.00   24.32   15.41   57.55    2.20   -3.74    4.34  329.49    3.34      933  120.378260   23.182030   930.62 
  304.54 07 05 05.53  912.00   24.31   15.38   57.50    2.15   -2.72    3.47  320.80    3.20      942  120.378321   23.181944   938.68 
  307.09 07 05 08.08  911.00   24.27   15.37   57.60    1.24   -1.74    2.15  327.75    4.14      952  120.378372   23.181867   948.46 
  310.04 07 05 11.04  910.00   24.22   15.36   57.72    2.82   -2.80    3.98  314.64    3.80      961  120.378442   23.181769   957.41 
  313.03 07 05 14.02  909.00   24.16   15.27   57.60    5.78   -4.87    7.55  310.17    3.07      971  120.378531   23.181679   968.49 
  315.89 07 05 16.89  908.00   24.12   15.21   57.49    3.63   -6.00    7.05  327.65    2.98      980  120.378607   23.181585   978.42 
  318.73 07 05 19.72  907.00   24.08   15.16   57.46    3.80   -3.53    5.27  315.56    3.27      990  120.378692   23.181491   988.04 
  322.01 07 05 23.00  906.00   24.04   14.83   56.40    1.30   -2.36    2.70  331.54    2.42      999  120.378770   23.181380  1000.15 
  325.13 07 05 26.12  905.00   23.96   14.71   56.23    3.98   -3.61    5.38  312.07    2.50     1008  120.378875   23.181275  1008.75 
  328.28 07 05 29.28  904.00   23.90   14.78   56.69    4.51   -4.49    6.38  316.22    3.21     1018  120.378976   23.181172  1019.60 
  331.41 07 05 32.41  903.00   23.91   15.18   58.15    2.75   -3.52    4.50  323.17    3.26     1027  120.379058   23.181064  1028.34 
  334.64 07 05 35.63  902.00   23.85   14.71   56.60    3.78   -3.60    5.23  312.56    2.53     1037  120.379159   23.180945  1037.00 
  337.61 07 05 38.60  901.00   23.78   14.65   56.60    3.18   -3.85    5.21  321.34    3.55     1046  120.379254   23.180848  1047.81 
  340.67 07 05 41.67  900.00   23.73   14.56   56.47    3.02   -3.60    4.70  320.13    2.93     1056  120.379340   23.180740  1056.63 
  343.64 07 05 44.64  899.00   23.66   14.53   56.56    2.87   -5.56    6.29  330.68    3.30     1065  120.379419   23.180634  1065.47 
  346.75 07 05 47.74  898.00   23.61   14.46   56.53    2.72   -4.94    5.69  330.63    3.78     1075  120.379485   23.180523  1074.77 
  350.15 07 05 51.15  897.00   23.56   14.40   56.47    1.89   -2.80    3.40  324.80    2.45     1084  120.379553   23.180437  1083.44 
  353.35 07 05 54.35  896.00   23.49   14.26   56.20    2.31   -3.01    3.87  327.42    2.68     1094  120.379607   23.180339  1093.87 
  356.45 07 05 57.44  895.00   23.46   14.22   56.14    2.61   -3.61    4.46  324.37    2.74     1103  120.379653   23.180242  1104.35 
  359.72 07 06 00.72  894.00   23.43   14.19   56.14    2.71   -2.90    3.98  317.37    2.66     1113  120.379694   23.180138  1113.97 
  362.90 07 06 03.90  893.00   23.41   14.03   55.62    1.09   -4.22    4.42  345.87    3.36     1123  120.379730   23.180043  1124.32 
  366.45 07 06 07.45  892.00   23.34   13.93   55.51    1.46   -3.52    3.94  342.59    2.95     1132  120.379755   23.179936  1134.77 
  369.93 07 06 10.92  891.00   23.31   13.81   55.18    0.77   -1.80    1.96  337.06    2.71     1142  120.379779   23.179832  1143.22 
  373.36 07 06 14.36  890.00   23.28   13.68   54.80    0.10   -4.02    4.03  357.84    2.71     1151  120.379800   23.179739  1152.01 
  376.64 07 06 17.63  889.00   23.19   13.65   54.99    2.40   -3.09    4.35  322.27    2.95     1161  120.379833   23.179637  1163.23 
  379.94 07 06 20.93  888.00   23.15   13.85   55.84    1.74   -3.00    3.47  330.11    2.84     1170  120.379859   23.179551  1172.46 
  383.16 07 06 24.15  887.00   23.09   13.50   54.78   -0.11   -5.34    5.34   57.50    3.01     1180  120.379870   23.179455  1182.29 
  386.49 07 06 27.49  886.00   23.04   13.43   54.70    0.24   -3.88    3.91  356.27    3.73     1189  120.379885   23.179368  1192.87 
  389.88 07 06 30.87  885.00   23.05   13.46   54.79    0.58   -2.22    2.30  346.25    2.81     1199  120.379909   23.179272  1202.04 
  393.14 07 06 34.14  884.00   22.97   13.34   54.60    0.67   -2.50    2.59  344.89    2.87     1209  120.379920   23.179186  1216.14 
  396.42 07 06 37.41  883.00   22.85   13.21   54.56    0.45   -3.74    3.97  153.00    2.90     1218  120.379934   23.179103  1226.35 
  399.82 07 06 40.81  882.00   22.76   13.16   54.66    0.27   -2.78    2.79  354.35    2.74     1228  120.379950   23.179015  1234.23 
  402.89 07 06 43.89  881.00   22.67   12.98   54.31    0.53   -2.63    2.68  349.14    2.87     1237  120.379950   23.178942  1243.91 
  406.03 07 06 47.03  880.00   22.61   12.86   54.10   -0.37   -2.54    2.61   21.14    3.58     1247  120.379930   23.178859  1254.15 
  409.57 07 06 50.57  879.00   22.52   12.77   54.06    0.34   -3.29    3.31  354.19    2.81     1256  120.379936   23.178773  1263.74 
  412.80 07 06 53.80  878.00   22.44   12.60   53.74   -0.24   -2.94    2.95    5.60    2.54     1266  120.379912   23.178704  1272.67 
  416.07 07 06 57.06  877.00   22.40   12.28   52.77   -3.43   -2.74    4.49   50.43    3.45     1275  120.379879   23.178639  1283.84 
  419.73 07 07 00.73  876.00   22.34   11.86   51.50   -0.44   -1.57    1.65   11.67    2.47     1285  120.379857   23.178583  1293.95 
  422.99 07 07 03.99  875.00   22.29   11.16   49.30   -1.89   -2.22    2.91   40.43    2.96     1295  120.379820   23.178530  1302.15 
  426.24 07 07 07.23  874.00   22.19   10.59   47.78   -1.86   -4.21    4.61   24.52    2.81     1304  120.379788   23.178475  1311.97 
  429.55 07 07 10.55  873.00   22.13   10.20   46.73   -2.43   -0.68    2.95   62.07    3.08     1314  120.379759   23.178440  1322.49 
  432.98 07 07 13.97  872.00   22.10   10.01   46.20   -1.15   -1.50    1.89   37.52    2.64     1323  120.379720   23.178400  1331.33 
  436.51 07 07 17.50  871.00   22.11    9.63   45.05   -2.41   -0.40    2.45   79.83    2.56     1333  120.379685   23.178375  1341.36 
  439.93 07 07 20.92  870.00   22.05   10.39   47.54   -3.99   -2.13    4.52   62.02    2.71     1343  120.379641   23.178341  1352.42 
  443.58 07 07 24.58  869.00   22.01   10.31   47.42   -1.52   -0.14    1.54   85.14    2.77     1353  120.379594   23.178320  1362.15 
  446.91 07 07 27.91  868.00   21.97    9.65   45.46   -2.10   -1.36    2.52   57.08    3.35     1363  120.379551   23.178301  1370.21 
  450.62 07 07 31.62  867.00   21.94    9.14   44.02   -2.15   -2.31    3.36   45.38    2.71     1372  120.379514   23.178290  1381.63 
  454.02 07 07 35.02  866.00   21.90    9.73   45.92   -1.81    0.94    2.08  118.11    2.95     1382  120.379470   23.178280  1390.91 
  457.59 07 07 38.58  865.00   21.88   10.27   47.68   -1.74   -0.41    1.78   76.83    2.68     1392  120.379424   23.178274  1399.73 
  461.20 07 07 42.20  864.00   21.86   10.60   48.76   -2.21    0.36    2.30  101.46    2.09     1402  120.379378   23.178260  1410.11 
  464.65 07 07 45.65  863.00   21.89   10.91   49.70   -2.96   -1.43    3.49   80.84    3.21     1412  120.379337   23.178263  1420.21 
  468.45 07 07 49.44  862.00   21.87   10.86   49.61   -1.69   -0.16    1.98   78.98    2.60     1422  120.379300   23.178254  1429.89 
  472.20 07 07 53.20  861.00   21.84   10.78   49.44   -1.64   -0.60    1.75   68.57    2.63     1432  120.379268   23.178248  1439.71 
  475.81 07 07 56.81  860.00   21.84   10.81   49.50   -2.48    0.43    2.53   99.98    2.61     1442  120.379232   23.178250  1449.28 
  479.37 07 08 00.37  859.00   21.82   10.60   48.90   -2.85    1.77    3.49  127.12    2.58     1452  120.379206   23.178260  1460.06 
  483.11 07 08 04.10  858.00   21.81   10.51   48.65    1.07    0.88    2.12  231.76    2.26     1462  120.379198   23.178270  1470.42 
  486.93 07 08 07.92  857.00   21.81   10.41   48.30   -1.87    0.52    1.94  106.08    2.61     1472  120.379161   23.178270  1479.65 
  490.51 07 08 11.50  856.00   21.80   10.67   49.20   -0.93    1.89    2.27  147.27    2.79     1482  120.379150   23.178270  1489.45 
  494.41 07 08 15.40  855.00   21.76   10.38   48.36   -3.38   -0.37    3.53   85.16    2.54     1492  120.379140   23.178270  1500.82 
  498.21 07 08 19.20  854.00   21.74   10.32   48.22    0.17    2.27    3.13  183.00    2.61     1502  120.379138   23.178278  1511.38 
  502.23 07 08 23.23  853.00   21.73   10.07   47.48   -0.16    0.42    1.05  117.86    2.58     1512  120.379122   23.178282  1520.64 
  505.81 07 08 26.81  852.00   21.70    9.97   47.22    0.77    2.21    2.35  200.34    3.48     1522  120.379120   23.178270  1530.36 
  509.45 07 08 30.45  851.00   21.68    9.91   47.10   -1.16    1.71    3.28  145.70    2.84     1532  120.379125   23.178270  1541.20 
  513.34 07 08 34.33  850.00   21.63    9.88   47.13   -0.68    0.73    1.57  163.11    2.80     1542  120.379127   23.178277  1551.62 
  517.14 07 08 38.13  849.00   21.57   10.01   47.73    0.14    0.68    0.82  189.57    2.79     1552  120.379121   23.178270  1561.00 
  521.15 07 08 42.14  848.00   21.53   10.06   48.01   -0.40    2.67    2.75  172.38    2.52     1562  120.379120   23.178271  1571.97 
  524.99 07 08 45.98  847.00   21.49    9.93   47.70    1.95    2.19    2.98  221.47    2.04     1572  120.379120   23.178290  1583.57 
  528.70 07 08 49.70  846.00   21.40    9.59   46.89   -0.76    2.86    2.96  167.16    2.49     1581  120.379103   23.178314  1592.41 
  532.68 07 08 53.67  845.00   21.33    9.35   46.33   -0.78    1.20    1.72  148.20    2.52     1591  120.379100   23.178330  1601.61 
  536.46 07 08 57.45  844.00   21.28    9.29   46.30   -0.41    2.71    2.76  174.50    2.85     1601  120.379090   23.178350  1612.08 
  540.34 07 09 01.33  843.00   21.21    8.96   45.47   -2.58    1.09    3.07  110.47    2.71     1611  120.379087   23.178353  1622.94 
  544.06 07 09 05.06  842.00   21.15    8.61   44.59    0.32    1.94    2.27  187.46    2.96     1621  120.379080   23.178379  1632.22 
  547.98 07 09 08.98  841.00   21.10    8.54   44.50   -1.12    0.64    1.29  119.62    2.66     1631  120.379070   23.178380  1640.71 
  551.95 07 09 12.95  840.00   21.06    8.41   44.21   -1.31    1.43    1.95  136.53    2.37     1641  120.379060   23.178410  1651.44 
  555.74 07 09 16.73  839.00   21.00    8.11   43.48   -2.99    1.07    3.50  107.25    2.57     1651  120.379050   23.178410  1661.73 
  559.68 07 09 20.68  838.00   20.96    8.05   43.40   -1.82    0.29    2.14  100.68    2.65     1661  120.379030   23.178430  1671.22 
  563.48 07 09 24.47  837.00   20.97    7.78   42.60   -1.71    2.02    2.67  138.37    2.93     1671  120.379000   23.178460  1678.33 
  567.43 07 09 28.43  836.00   20.97    7.35   41.37   -2.07   -0.07    2.07   87.00    2.55     1682  120.378956   23.178480  1687.94 
  570.97 07 09 31.96  835.00   21.01    6.94   40.14   -4.40    2.66    5.14  120.38    3.33     1692  120.378901   23.178510  1698.53 
  575.19 07 09 36.19  834.00   20.99    6.58   39.20   -1.61    0.49    1.73   93.66    2.76     1702  120.378836   23.178534  1711.00 
  579.02 07 09 40.01  833.00   21.05    6.30   38.31   -3.56    1.71    3.96  116.39    2.64     1713  120.378760   23.178570  1721.03 
  583.16 07 09 44.15  832.00   21.03    6.23   38.17   -2.71    1.03    2.90  110.59    2.51     1723  120.378697   23.178610  1732.16 
  586.80 07 09 47.80  831.00   21.03    6.12   37.88   -2.21    0.26    2.24   99.85    2.77     1733  120.378634   23.178630  1743.59 
  590.44 07 09 51.43  830.00   21.02    6.49   38.87   -2.51    1.02    3.08  122.70    2.62     1744  120.378581   23.178660  1755.28 
  594.40 07 09 55.40  829.00   21.01    6.93   40.10   -1.52    1.99    2.93  133.79    2.36     1754  120.378534   23.178688  1766.71 
  598.12 07 09 59.12  828.00   20.99    7.25   41.05   -0.81    0.30    0.87  115.83    2.64     1764  120.378498   23.178721  1776.06 
  601.64 07 10 02.64  827.00   20.93    7.51   41.93   -2.91    1.59    3.43  117.88    2.62     1774  120.378454   23.178756  1786.33 
  605.46 07 10 06.46  826.00   20.86    7.71   42.69   -2.71    2.35    4.03  123.47    2.60     1784  120.378405   23.178800  1797.32 
  609.13 07 10 10.12  825.00   20.81    8.04   43.79   -2.72    1.28    3.11  113.33    3.17     1795  120.378379   23.178824  1806.99 
  612.80 07 10 13.80  824.00   20.75    8.58   45.60   -1.10    0.40    1.18  112.26    2.86     1805  120.378352   23.178866  1816.25 
  616.34 07 10 17.33  823.00   20.69    8.93   46.83   -1.74    2.63    3.17  145.99    2.48     1815  120.378337   23.178903  1826.22 
  620.07 07 10 21.07  822.00   20.66    9.17   47.71    0.72    4.27    4.38  188.50    2.54     1825  120.378320   23.178950  1837.46 
  623.67 07 10 24.66  821.00   20.58    9.22   48.10   -0.93    0.67    1.33  127.28    3.24     1835  120.378313   23.178970  1847.04 
  627.27 07 10 28.26  820.00   20.49    9.17   48.20   -0.11    2.70    2.77  177.14    2.38     1845  120.378313   23.179018  1857.50 
  630.74 07 10 31.73  819.00   20.46    9.27   48.62    1.02    2.61    2.89  206.71    2.93     1855  120.378327   23.179070  1869.02 
  634.40 07 10 35.39  818.00   20.38    9.33   49.08   -0.17    3.32    3.57  166.93    2.91     1865  120.378344   23.179108  1880.19 
  638.25 07 10 39.24  817.00   20.33    9.35   49.28    2.75    2.27    3.95  235.19    2.88     1875  120.378380   23.179170  1890.99 
  641.93 07 10 42.93  816.00   20.25    9.22   49.11    0.55    0.49    0.73  227.83    2.80     1885  120.378400   23.179209  1900.08 
  645.70 07 10 46.69  815.00   20.15    9.13   49.10    1.28    2.82    3.16  207.59    2.62     1895  120.378447   23.179277  1910.41 
  649.19 07 10 50.19  814.00   20.08    9.06   49.08    1.61    2.51    3.06  214.94    2.79     1905  120.378490   23.179324  1922.91 
  653.02 07 10 54.01  813.00   19.99    8.95   49.00    2.28    4.60    5.15  206.73    2.48     1915  120.378530   23.179390  1933.93 
  656.78 07 10 57.77  812.00   19.92    8.85   48.88    2.12    1.39    2.56  237.15    2.97     1926  120.378586   23.179438  1943.04 
  660.57 07 11 01.57  811.00   19.89    8.71   48.50    2.39    1.82    3.01  232.56    2.79     1936  120.378651   23.179511  1953.23 
  664.45 07 11 05.44  810.00   19.80    8.55   48.26    3.85    1.89    4.41  244.35    2.63     1946  120.378739   23.179583  1964.89 
  667.92 07 11 08.91  809.00   19.74    8.48   48.20    1.99    2.56    3.24  217.73    2.82     1956  120.378799   23.179658  1974.60 
  671.64 07 11 12.64  808.00   19.68    8.39   48.10    1.81    1.76    2.52  225.74    2.63     1966  120.378883   23.179716  1984.32 
  675.21 07 11 16.20  807.00   19.61    8.29   48.00    2.75    3.46    4.42  218.89    2.48     1976  120.378964   23.179776  1994.89 
  678.86 07 11 19.85  806.00   19.56    8.28   48.09    4.84    1.41    5.22  251.49    2.53     1987  120.379046   23.179857  2005.44 
  682.69 07 11 23.68  805.00   19.53    8.21   47.93    2.90    1.22    3.15  246.27    2.82     1997  120.379137   23.179917  2017.18 
  686.43 07 11 27.43  804.00   19.49    8.15   47.87    3.40    1.86    3.88  241.94    4.88     2008  120.379236   23.179989  2027.72 
  690.27 07 11 31.26  803.00   19.39    8.03   47.80    1.75    1.19    2.12  236.76    2.34     2018  120.379325   23.180055  2037.35 
  693.77 07 11 34.77  802.00   19.32    7.98   47.80    4.31    3.05    5.28  234.28    3.13     2028  120.379423   23.180125  2047.16 
  697.62 07 11 38.62  801.00   19.28    8.02   48.08    2.04    1.56    2.57  232.65    2.97     2038  120.379536   23.180202  2059.32 
  701.30 07 11 42.29  800.00   19.22    7.96   48.06    3.43    2.15    4.04  237.34    3.02     2049  120.379635   23.180276  2068.54 
  705.11 07 11 46.10  799.00   19.24    7.87   47.69    2.84    1.71    3.32  238.95    3.07     2059  120.379752   23.180352  2079.23 
  708.87 07 11 49.86  798.00   19.19    7.79   47.59    4.33    2.45    4.97  240.22    2.09     2070  120.379866   23.180436  2089.67 
  712.58 07 11 53.58  797.00   19.14    7.80   47.77    3.03    2.05    3.65  235.86    2.83     2080  120.379987   23.180512  2101.28 
  716.25 07 11 57.24  796.00   19.02    7.67   47.72    1.89    1.65    2.52  233.79    3.05     2090  120.380090   23.180587  2113.97 
  720.06 07 12 01.06  795.00   18.89    7.64   48.00    5.38    2.95    6.13  241.29    2.83     2100  120.380232   23.180671  2124.41 
  724.02 07 12 05.02  794.00   18.76    7.55   48.10    4.02    2.92    4.97  234.07    1.59     2110  120.380381   23.180751  2135.48 
  727.66 07 12 08.65  793.00   18.65    7.42   48.00    3.98    3.25    5.17  231.68    2.64     2120  120.380496   23.180840  2145.41 
  731.62 07 12 12.61  792.00   18.55    7.18   47.54    4.11    3.84    5.77  227.36    2.57     2130  120.380648   23.180918  2156.98 
  735.37 07 12 16.36  791.00   18.42    7.06   47.51    4.54    2.21    5.21  240.64    2.54     2140  120.380788   23.181004  2168.27 
  739.24 07 12 20.23  790.00   18.40    7.12   47.79    3.96    2.43    4.66  238.04    3.16     2150  120.380947   23.181077  2178.33 
  743.10 07 12 24.09  789.00   18.36    6.82   46.90    5.60    2.34    6.07  247.29    2.24     2161  120.381106   23.181162  2189.60 
  747.10 07 12 28.10  788.00   18.34    6.70   46.59    3.16    1.93    3.70  238.67    3.10     2171  120.381284   23.181252  2200.17 
  750.83 07 12 31.83  787.00   18.21    6.55   46.50    5.04    4.77    6.96  228.39    2.60     2181  120.381442   23.181335  2211.84 
  754.61 07 12 35.61  786.00   18.11    6.46   46.50    4.44    1.22    4.65  255.41    5.17     2192  120.381613   23.181410  2221.93 
  758.63 07 12 39.63  785.00   18.00    6.41   46.66    5.72    3.15    6.54  241.24    2.26     2202  120.381812   23.181509  2232.47 
  762.41 07 12 43.40  784.00   17.90    6.33   46.70    4.22    2.43    4.87  240.17    2.76     2212  120.381976   23.181568  2242.63 
  766.35 07 12 47.35  783.00   17.80    6.23   46.66    5.26    4.07    6.66  232.62    2.35     2222  120.382174   23.181651  2253.97 
  770.14 07 12 51.14  782.00   17.71    6.13   46.60    3.54    1.22    3.78  253.81    2.77     2232  120.382357   23.181723  2266.56 
  774.10 07 12 55.09  781.00   17.64    6.06   46.59    6.15    3.82    7.24  238.36    2.66     2242  120.382564   23.181801  2278.13 
  777.74 07 12 58.74  780.00   17.55    5.97   46.57    4.97    2.07    5.39  247.11    2.57     2253  120.382747   23.181865  2287.47 
  781.59 07 13 02.59  779.00   17.61    6.04   46.60    5.74    2.19    6.14  248.96    3.24     2264  120.382950   23.181942  2298.54 
  785.25 07 13 06.25  778.00   17.52    5.97   46.63    4.79    1.76    5.25  246.24    3.11     2274  120.383143   23.182005  2311.32 
  789.13 07 13 10.13  777.00   17.46    6.14   47.38    7.36    0.21    7.49  267.69    2.94     2285  120.383357   23.182063  2324.21 
  793.22 07 13 14.22  776.00   17.36    5.85   46.74    5.72    1.91    6.15  250.88    2.49     2295  120.383573   23.182142  2333.44 
  797.19 07 13 18.19  775.00   17.24    5.83   47.00    5.76    2.10    6.13  249.95    2.70     2305  120.383800   23.182216  2343.32 
  801.10 07 13 22.10  774.00   17.14    5.81   47.24    6.08    1.54    6.28  255.79    2.37     2315  120.384016   23.182291  2353.46 
  804.74 07 13 25.74  773.00   17.12    5.84   47.40    5.39    0.66    5.44  262.11    3.25     2326  120.384227   23.182357  2364.78 
  808.80 07 13 29.80  772.00   17.06    5.84   47.58    7.19    3.46    7.98  245.41    2.40     2337  120.384448   23.182436  2376.44 
  812.52 07 13 33.52  771.00   16.95    5.82   47.85    5.43    1.71    5.73  254.69    3.06     2347  120.384656   23.182495  2387.54 
  816.51 07 13 37.51  770.00   16.84    5.78   48.05    6.14    2.88    6.85  246.07    2.61     2357  120.384881   23.182555  2399.03 
  820.47 07 13 41.46  769.00   16.73    5.73   48.25    5.55    2.05    5.93  250.01    2.62     2367  120.385113   23.182625  2408.82 
  824.24 07 13 45.23  768.00   16.63    5.73   48.52    5.73    2.13    6.12  249.56    2.71     2377  120.385334   23.182694  2418.74 
  827.94 07 13 48.93  767.00   16.52    5.74   48.89    7.99   -1.22    8.14  277.93    2.97     2387  120.385546   23.182749  2428.72 
  831.88 07 13 52.88  766.00   16.48    5.80   49.24    8.01    1.31    8.22  259.96    4.06     2398  120.385778   23.182803  2439.68 
  835.79 07 13 56.79  765.00   16.45    5.86   49.52    7.13    2.41    7.55  251.82    3.13     2409  120.386005   23.182866  2450.54 
  839.48 07 14 00.47  764.00   16.40    5.75   49.35    5.30    1.00    5.40  259.72    2.88     2420  120.386209   23.182920  2461.09 
  843.33 07 14 04.33  763.00   16.32    5.72   49.47    7.14    2.18    7.46  253.45    2.20     2430  120.386430   23.182977  2472.21 
  847.17 07 14 08.16  762.00   16.18    5.57   49.40    4.94    1.77    5.29  251.65    2.54     2440  120.386650   23.183023  2484.65 
  850.98 07 14 11.98  761.00   16.06    5.34   49.00    6.37    4.25    7.66  236.39    3.39     2450  120.386879   23.183089  2496.51 
  855.02 07 14 16.01  760.00   15.97    5.17   48.70    5.74   -0.52    5.79  275.46    3.06     2461  120.387121   23.183120  2507.21 
  859.07 07 14 20.06  759.00   15.94    5.01   48.26    5.42    1.48    5.62  254.79    2.54     2471  120.387363   23.183171  2518.80 
  862.66 07 14 23.65  758.00   15.90    4.66   47.20    5.86    0.35    5.87  265.80    2.56     2482  120.387560   23.183200  2530.49 
  866.36 07 14 27.35  757.00   15.84    4.63   47.29    7.05   -0.09    7.06  269.41    2.67     2493  120.387768   23.183234  2542.54 
  870.16 07 14 31.15  756.00   15.79    4.32   46.42    3.79    0.42    3.83  261.18    3.42     2504  120.387969   23.183270  2553.67 
  874.00 07 14 35.00  755.00   15.75    3.97   45.40    6.34    0.31    6.35  267.18    3.59     2515  120.388190   23.183290  2564.47 
  877.90 07 14 38.89  754.00   15.70    3.43   43.84    5.17    0.18    5.18  267.86    3.02     2525  120.388376   23.183320  2575.12 
  882.02 07 14 43.01  753.00   15.66    2.78   41.99    4.02    1.02    4.15  255.77    2.85     2536  120.388581   23.183350  2586.79 
  885.67 07 14 46.67  752.00   15.57    2.21   40.57    5.06   -0.49    5.14  270.43    2.49     2547  120.388734   23.183380  2597.87 
  889.44 07 14 50.44  751.00   15.53    1.97   39.97    5.23   -0.18    5.30  266.73    2.98     2558  120.388898   23.183384  2609.13 
  893.54 07 14 54.53  750.00   15.43    1.67   39.38    4.82    0.25    4.84  264.87    2.80     2568  120.389047   23.183400  2619.88 
  897.38 07 14 58.37  749.00   15.50    1.27   38.10    3.09    0.12    3.09  267.00    3.17     2580  120.389208   23.183420  2629.58 
  901.22 07 15 02.22  748.00   15.47    0.91   37.20    4.53    0.27    4.55  266.41    2.31     2591  120.389349   23.183430  2639.84 
  905.31 07 15 06.30  747.00   15.51    0.50   36.01    2.40    0.27    2.41  263.39    3.20     2603  120.389499   23.183430  2652.49 
  909.35 07 15 10.34  746.00   15.50    0.02   34.80    4.47    0.15    4.47  268.35    2.25     2614  120.389624   23.183440  2664.49 
  913.15 07 15 14.14  745.00   15.48   -0.54   33.47    1.20    0.03    1.20  269.32    3.52     2625  120.389734   23.183451  2675.62 
  917.25 07 15 18.24  744.00   15.43    0.17   35.39    4.77   -0.40    4.79  273.74    2.52     2636  120.389855   23.183462  2686.21 
  921.18 07 15 22.17  743.00   15.32   -1.17   32.28    2.57    1.82    3.48  230.42    2.69     2646  120.389955   23.183486  2696.30 
  925.30 07 15 26.30  742.00   15.18   -1.56   31.67    3.27    0.29    3.60  270.45    2.49     2656  120.390059   23.183476  2707.72 
  929.29 07 15 30.29  741.00   15.07   -1.86   31.18    1.59    0.46    1.65  254.73    2.75     2667  120.390153   23.183500  2717.70 
  933.48 07 15 34.47  740.00   14.95   -2.45   30.10    2.21    1.02    2.44  244.89    2.64     2677  120.390230   23.183515  2730.74 
  937.83 07 15 38.82  739.00   14.84   -2.99   29.13    2.46    1.00    2.66  248.02    2.28     2687  120.390307   23.183530  2741.32 
  941.98 07 15 42.98  738.00   14.71   -3.39   28.50    2.49    0.32    2.51  262.78    2.10     2698  120.390370   23.183550  2753.33 
  946.01 07 15 47.01  737.00   14.71   -3.77   27.70    2.41    1.40    2.79  239.90    2.77     2709  120.390430   23.183580  2765.47 
  950.14 07 15 51.13  736.00   14.65   -3.89   27.56    4.35    1.45    4.58  250.66    2.60     2720  120.390483   23.183610  2777.31 
  954.24 07 15 55.24  735.00   14.65   -4.69   25.95    0.89    2.46    2.94  193.37    2.92     2731  120.390522   23.183642  2789.40 
  958.72 07 15 59.72  734.00   14.61   -5.14   25.14   -0.20    2.67    2.72  177.03    4.84     2742  120.390576   23.183679  2800.09 
  963.15 07 16 04.14  733.00   14.58   -5.39   24.73    2.59    1.72    3.44  242.17    2.87     2754  120.390620   23.183720  2811.63 
  967.66 07 16 08.66  732.00   14.55   -5.79   24.03    2.14    1.77    2.79  233.28    2.28     2765  120.390653   23.183763  2823.62 
  972.07 07 16 13.07  731.00   14.48   -5.70   24.31    0.21    1.27    1.30  186.04    2.89     2776  120.390681   23.183812  2834.92 
  976.33 07 16 17.33  730.00   14.34   -5.50   24.90    0.64    1.92    2.05  201.64    2.36     2786  120.390700   23.183890  2846.49 
  980.69 07 16 21.68  729.00   14.27   -5.39   25.23    1.09    3.21    3.50  200.37    2.81     2797  120.390730   23.183964  2858.17 
  985.12 07 16 26.11  728.00   14.19   -5.74   24.69    1.63    3.49    3.85  204.76    2.14     2808  120.390780   23.184034  2870.06 
  989.31 07 16 30.31  727.00   14.15   -5.89   24.47    1.14    2.55    2.81  204.39    2.36     2819  120.390816   23.184116  2881.31 
  993.72 07 16 34.72  726.00   14.15   -6.12   24.06    1.65    3.07    3.53  209.29    2.29     2830  120.390867   23.184204  2893.40 
  998.06 07 16 39.05  725.00   14.19   -6.27   23.71    1.52    1.71    2.29  221.44    2.98     2842  120.390911   23.184271  2905.08 
 1002.29 07 16 43.28  724.00   14.12   -6.33   23.71    2.00    3.87    4.36  207.37    2.42     2853  120.390963   23.184366  2917.08 
 1006.39 07 16 47.38  723.00   14.03   -7.66   21.53    1.62    2.71    3.16  212.49    3.19     2864  120.391018   23.184442  2928.36 
 1010.62 07 16 51.62  722.00   13.94   -9.55   18.70    1.73    1.99    2.66  223.27    2.71     2875  120.391102   23.184536  2938.54 
 1014.85 07 16 55.85  721.00   13.86  -11.21   16.47    2.39    3.67    4.38  212.94    2.37     2886  120.391187   23.184636  2949.17 
 1019.19 07 17 00.19  720.00   13.80  -13.20   14.10    1.99    2.68    3.35  217.44    1.91     2897  120.391294   23.184716  2959.88 
 1023.33 07 17 04.32  719.00   13.74  -14.30   12.93    2.86    2.77    3.98  226.03    2.87     2908  120.391403   23.184813  2970.32 
 1027.55 07 17 08.54  718.00   13.73  -15.29   11.94    3.91    3.26    5.14  229.42    2.62     2919  120.391542   23.184916  2981.96 
 1031.71 07 17 12.70  717.00   13.74  -16.09   11.16    4.66    2.35    5.26  242.64    2.78     2931  120.391698   23.185014  2993.95 
 1036.04 07 17 17.03  716.00   13.71  -16.62   10.70    4.45    1.81    4.82  248.16    2.58     2942  120.391871   23.185111  3007.55 
 1040.26 07 17 21.25  715.00   13.68  -17.24   10.17    4.36    4.35    6.17  225.95    2.76     2954  120.392048   23.185215  3019.43 
 1044.26 07 17 25.26  714.00   13.67  -17.52    9.95    6.24    2.61    6.82  245.97    2.91     2966  120.392221   23.185318  3030.61 
 1048.55 07 17 29.54  713.00   13.71  -17.51    9.94    5.45    3.50    6.52  238.28    2.81     2978  120.392407   23.185431  3041.74 
 1052.74 07 17 33.74  712.00   13.77  -18.46    9.13    5.36    1.78    5.66  250.58    2.75     2990  120.392600   23.185527  3053.00 
 1057.27 07 17 38.26  711.00   13.83  -18.92    8.75    4.56    1.57    4.82  250.98    3.12     3002  120.392831   23.185615  3065.57 
 1061.47 07 17 42.47  710.00   13.82  -19.81    8.11    6.43    1.29    6.57  257.57    2.69     3014  120.393044   23.185694  3078.13 
 1065.38 07 17 46.37  709.00   13.85  -20.75    7.46    4.35    0.69    4.41  259.16    3.15     3026  120.393239   23.185754  3088.77 
 1069.66 07 17 50.65  708.00   13.84  -21.49    7.00    4.97    0.59    5.01  262.05    2.44     3038  120.393463   23.185813  3100.72 
 1074.20 07 17 55.20  707.00   13.83  -20.64    7.56    7.18   -0.53    7.20  273.83    2.19     3050  120.393688   23.185852  3113.90 
 1078.22 07 17 59.21  706.00   13.83  -22.30    6.52    2.61    0.43    2.65  262.06    2.80     3062  120.393871   23.185882  3125.23 
 1082.53 07 18 03.53  705.00   13.80  -22.23    6.58    4.83   -0.03    4.83  270.64    2.74     3073  120.394087   23.185905  3136.21 
 1086.62 07 18 07.61  704.00   13.82  -21.57    6.98    6.54    0.84    6.62  261.48    3.20     3086  120.394297   23.185930  3147.89 
 1091.20 07 18 12.20  703.00   13.89  -22.24    6.57    4.34    0.46    4.37  263.25    1.74     3098  120.394492   23.185950  3160.69 
 1095.40 07 18 16.39  702.00   13.95  -22.98    6.10    4.11    0.51    4.17  261.79    2.69     3111  120.394672   23.185974  3171.93 
 1099.64 07 18 20.64  701.00   13.82  -23.19    6.04    4.41   -0.52    4.45  276.58    2.46     3121  120.394836   23.185984  3183.11 
 1103.75 07 18 24.75  700.00   13.68  -23.17    6.10    3.61    1.03    3.75  254.18    2.89     3132  120.395000   23.186008  3193.24 
 1108.10 07 18 29.09  699.00   13.59  -22.91    6.34    4.92    0.27    4.93  266.87    2.58     3143  120.395164   23.186000  3205.39 
 1112.26 07 18 33.25  698.00   13.73  -23.51    5.90    2.23    0.04    2.23  267.99    4.27     3156  120.395308   23.186007  3217.48 
 1116.62 07 18 37.61  697.00   13.67  -23.75    5.80    3.59   -0.36    3.61  275.30    3.19     3168  120.395449   23.185990  3229.93 
 1120.91 07 18 41.91  696.00   13.65  -23.96    5.70    5.31   -2.00    5.68  288.93    1.74     3180  120.395586   23.185981  3242.97 
 1125.04 07 18 46.03  695.00   13.62  -24.18    5.60    1.53   -0.02    1.55  268.66    3.92     3191  120.395701   23.185970  3255.89 
 1129.43 07 18 50.43  694.00   13.49  -24.56    5.46    4.67   -0.36    4.88  271.92    2.12     3202  120.395833   23.185964  3267.54 
 1133.64 07 18 54.64  693.00   13.39  -24.82    5.36    2.92   -0.53    2.98  275.18    2.78     3213  120.395949   23.185970  3278.98 
 1137.83 07 18 58.83  692.00   13.30  -25.02    5.30    1.89    0.20    1.90  264.52    2.79     3224  120.396057   23.185988  3289.91 
 1142.15 07 19 03.14  691.00   13.25  -25.06    5.30    3.65    0.41    3.67  263.65    2.29     3236  120.396174   23.186011  3302.91 
 1146.31 07 19 07.30  690.00   13.16  -24.98    5.37    4.61   -0.13    4.61  270.94    2.37     3247  120.396289   23.186033  3315.19 
 1150.65 07 19 11.64  689.00   13.12  -25.36    5.20    3.22    1.64    3.63  246.66    2.97     3259  120.396383   23.186066  3326.85 
 1154.83 07 19 15.82  688.00   13.02  -25.44    5.20    2.89    0.85    3.23  257.82    2.56     3270  120.396468   23.186110  3338.73 
 1159.12 07 19 20.12  687.00   12.89  -25.72    5.11    2.56    2.81    3.95  222.79    2.65     3280  120.396552   23.186141  3352.59 
 1163.16 07 19 24.16  686.00   12.83  -22.95    6.61    3.90    0.57    4.15  258.63    3.16     3292  120.396632   23.186172  3364.46 
 1167.64 07 19 28.64  685.00   12.86  -25.98    5.00    3.43    2.40    4.29  229.10    2.29     3304  120.396699   23.186233  3377.34 
 1171.75 07 19 32.74  684.00   12.81  -25.97    5.03    0.93    2.07    2.34  203.62    3.13     3316  120.396753   23.186287  3388.92 
 1176.19 07 19 37.19  683.00   12.76  -25.33    5.34    2.15    2.32    3.25  219.35    3.06     3328  120.396832   23.186340  3401.06 
 1180.53 07 19 41.52  682.00   12.68  -25.67    5.21    2.09    2.00    3.14  218.79    2.54     3339  120.396891   23.186385  3412.28 
 1184.80 07 19 45.79  681.00   12.66  -25.66    5.22    1.26    1.52    1.98  219.79    2.59     3351  120.396958   23.186420  3423.27 
 1189.10 07 19 50.09  680.00   12.69  -25.04    5.51    2.36    0.65    2.48  254.88    3.02     3364  120.397031   23.186451  3435.77 
 1193.31 07 19 54.31  679.00   12.63  -24.58    5.76    3.89    1.63    4.22  247.95    2.79     3375  120.397099   23.186480  3448.71 
 1197.65 07 19 58.65  678.00   12.56  -24.37    5.90    3.17    1.93    3.80  244.03    2.31     3387  120.397183   23.186507  3461.01 
 1202.09 07 20 03.08  677.00   12.63  -24.51    5.80    1.45    0.52    1.57  254.33    4.00     3400  120.397271   23.186541  3473.32 
 1206.52 07 20 07.51  676.00   12.48  -24.62    5.80    3.23    1.57    3.61  247.37    2.46     3411  120.397350   23.186570  3485.44 
 1210.93 07 20 11.93  675.00   12.37  -24.71    5.79    4.93    0.99    5.03  259.79    2.39     3422  120.397429   23.186580  3498.18 
 1215.50 07 20 16.50  674.00   12.26  -23.94    6.25    4.54    1.80    4.89  248.70    3.78     3433  120.397515   23.186600  3510.29 
 1219.66 07 20 20.65  673.00   12.12  -24.02    6.27    3.28   -0.43    3.83  273.99    2.34     3443  120.397597   23.186613  3522.28 
 1224.21 07 20 25.21  672.00   11.98  -23.85    6.42    3.00    1.97    3.81  233.93    3.15     3454  120.397684   23.186630  3534.63 
 1228.59 07 20 29.58  671.00   11.89  -23.14    6.89    2.78   -0.29    2.80  278.65    4.06     3466  120.397776   23.186630  3547.56 
 1233.11 07 20 34.11  670.00   11.79  -23.04    6.99    4.92    0.50    4.95  263.59    2.26     3477  120.397872   23.186640  3560.55 
 1238.04 07 20 39.03  669.00   11.69  -21.49    8.06    5.24   -0.04    5.25  270.03    1.42     3488  120.397970   23.186651  3573.62 
 1242.14 07 20 43.14  668.00   11.64  -22.75    7.24    2.35    0.15    2.36  267.58    2.50     3500  120.398036   23.186670  3585.09 
 1246.57 07 20 47.56  667.00   11.59  -22.63    7.34    1.30   -0.03    1.30  271.40    3.86     3512  120.398136   23.186690  3596.69 
 1251.03 07 20 52.03  666.00   11.51  -22.76    7.30    1.95   -0.03    1.95  270.58    2.47     3523  120.398230   23.186700  3608.98 
 1255.50 07 20 56.50  665.00   11.38  -22.25    7.70    2.60   -0.00    2.61  270.53    2.90     3534  120.398310   23.186710  3621.54 
 1259.65 07 21 00.65  664.00   11.27  -21.29    8.43    1.09   -0.12    1.11  276.50    2.71     3546  120.398367   23.186720  3633.70 
 1264.07 07 21 05.06  663.00   11.13  -20.11    9.42    0.87   -0.03    0.89  268.93    3.24     3556  120.398441   23.186729  3645.91 
 1268.72 07 21 09.71  662.00   10.94  -18.17   11.27    2.01   -0.05    2.02  270.44    1.85     3567  120.398514   23.186730  3658.60 
 1273.48 07 21 14.48  661.00   10.74  -15.74   13.99    2.44    0.96    2.63  248.02    2.34     3577  120.398590   23.186740  3671.11 
 1277.85 07 21 18.85  660.00   10.60  -15.19   14.79    1.20    0.94    1.53  232.25    2.48     3588  120.398659   23.186761  3683.33 
 1282.36 07 21 23.35  659.00   10.46  -15.24   14.86    2.27    0.76    2.45  249.89    2.80     3598  120.398757   23.186790  3695.49 
 1286.84 07 21 27.83  658.00   10.35  -15.38   14.80    2.18    1.11    2.45  243.42    3.26     3610  120.398855   23.186818  3706.89 
 1291.48 07 21 32.47  657.00   10.37  -14.88   15.44    3.09    1.52    3.46  243.02    2.42     3622  120.398964   23.186825  3719.59 
 1296.07 07 21 37.07  656.00   10.41  -16.61   13.31    1.36    0.42    1.44  255.78    1.77     3636  120.399052   23.186841  3732.83 
 1300.69 07 21 41.69  655.00   10.29  -17.46   12.49    1.79    0.16    1.81  264.85    2.37     3647  120.399164   23.186870  3745.60 
 1305.35 07 21 46.35  654.00   10.24  -18.05   11.93    2.16    1.05    2.41  245.07    2.22     3659  120.399287   23.186900  3758.54 
 1309.74 07 21 50.73  653.00   10.17  -18.53   11.50    3.07    1.58    3.46  242.98    3.33     3671  120.399392   23.186927  3769.73 
 1314.38 07 21 55.38  652.00   10.03  -19.31   10.86    3.10    1.61    3.50  243.97    2.10     3682  120.399505   23.186948  3783.51 
 1318.83 07 21 59.82  651.00    9.94  -19.65   10.62    2.05    0.72    2.17  251.18    2.64     3693  120.399625   23.186980  3795.87 
 1323.42 07 22 04.42  650.00    9.83  -19.60   10.74    1.89    0.90    2.09  245.32    2.70     3704  120.399738   23.187030  3810.53 
 1328.27 07 22 09.27  649.00    9.74  -19.94   10.50    3.39    2.02    3.95  239.68    2.12     3716  120.399878   23.187103  3823.67 
 1333.04 07 22 14.04  648.00    9.68  -20.55   10.00    4.03    2.21    4.60  241.54    1.98     3728  120.400021   23.187170  3835.16 
 1337.61 07 22 18.61  647.00    9.61  -20.83    9.80    3.23    2.47    4.12  229.24    2.66     3740  120.400148   23.187242  3847.21 
 1342.39 07 22 23.39  646.00    9.55  -20.93    9.76    2.94    2.42    3.82  230.68    2.57     3752  120.400292   23.187312  3860.48 
 1347.08 07 22 28.07  645.00    9.47  -20.94    9.80    3.84    2.22    4.44  240.06    2.43     3764  120.400442   23.187382  3873.33 
 1351.83 07 22 32.82  644.00    9.38  -20.90    9.90    3.90    1.62    4.23  247.19    1.99     3775  120.400603   23.187450  3886.67 
 1356.26 07 22 37.25  643.00    9.29  -20.77   10.06    5.13    2.79    5.94  241.55    4.51     3787  120.400754   23.187529  3898.70 
 1360.72 07 22 41.72  642.00    9.28  -20.62   10.20    2.97    1.90    3.52  237.40    2.84     3800  120.400902   23.187624  3910.62 
 1365.34 07 22 46.33  641.00    9.28  -20.40   10.40    4.42    2.66    5.17  238.50    3.20     3813  120.401074   23.187710  3923.54 
 1369.90 07 22 50.89  640.00    9.18  -19.25   11.56    4.80    1.98    5.19  247.52    2.63     3824  120.401265   23.187789  3936.83 
 1374.00 07 22 55.00  639.00    9.19  -17.06   13.90    3.60    1.47    3.89  247.73    4.18     3837  120.401430   23.187860  3948.44 
 1378.85 07 22 59.85  638.00    9.19  -13.08   19.30    2.32    0.71    2.43  253.14    3.14     3850  120.401626   23.187929  3963.34 
 1383.62 07 23 04.61  637.00    9.14   -8.93   26.98    4.66    0.46    4.74  266.47    2.32     3862  120.401839   23.187974  3976.98 
 1388.81 07 23 09.80  636.00    8.98   -6.30   33.39    6.48    0.69    6.60  263.58    2.61     3873  120.402080   23.188010  3990.81 
 1393.74 07 23 14.74  635.00    8.94   -5.48   35.66    3.70    0.81    3.90  258.24    3.63     3886  120.402311   23.188050  4003.17 
 1398.56 07 23 19.56  634.00    8.89   -4.33   38.99    5.45    0.44    5.47  264.93    2.71     3898  120.402544   23.188076  4015.78 
 1403.59 07 23 24.59  633.00    8.86   -3.63   41.18    4.84    0.79    4.92  264.49    2.48     3911  120.402810   23.188090  4028.62 
 1408.33 07 23 29.33  632.00    8.88   -2.16   45.87    4.03    0.40    4.08  266.69    2.89     3924  120.403067   23.188093  4042.05 
 1412.87 07 23 33.87  631.00    8.94   -1.36   48.46    4.64    0.37    4.66  266.10    4.57     3938  120.403312   23.188090  4055.07 
 1417.37 07 23 38.36  630.00    8.83   -1.11   49.71    6.87    1.47    7.04  258.65    2.73     3949  120.403542   23.188090  4067.42 
 1421.76 07 23 42.75  629.00    8.80   -0.98   50.28    6.25    1.41    6.43  259.79    2.81     3962  120.403778   23.188088  4079.63 
 1426.66 07 23 47.65  628.00    8.76   -0.90   50.73    5.69   -0.02    5.69  269.97    2.33     3975  120.404033   23.188087  4092.60 
 1431.23 07 23 52.22  627.00    8.56   -1.00   51.05    4.75   -0.54    4.78  276.73    2.09     3985  120.404271   23.188082  4105.36 
 1435.92 07 23 56.91  626.00    8.36   -1.06   51.50    4.60   -0.38    4.62  274.20    2.40     3996  120.404516   23.188100  4117.87 
 1440.73 07 24 01.73  625.00    8.14   -1.12   52.07    5.59   -0.88    5.66  278.76    3.34     4006  120.404774   23.188103  4131.35 
 1445.41 07 24 06.41  624.00    7.93   -1.17   52.61    5.65   -1.10    5.81  280.00    2.49     4016  120.405015   23.188106  4145.19 
 1450.04 07 24 11.04  623.00    7.90   -1.18   52.70    3.53   -0.61    3.59  279.60    1.98     4029  120.405243   23.188090  4158.75 
 1454.69 07 24 15.69  622.00    7.76   -1.26   52.86    3.59   -0.40    3.61  276.85    3.32     4040  120.405491   23.188053  4171.39 
 1459.16 07 24 20.15  621.00    7.59   -1.36   53.08    6.79   -0.20    6.80  272.31    2.09     4051  120.405738   23.188037  4184.00 
 1464.03 07 24 25.02  620.00    7.39   -1.52   53.20    7.31    2.06    7.61  254.39    1.93     4061  120.406012   23.188019  4199.60 
 1468.42 07 24 29.41  619.00    7.21   -1.60   53.54    5.47    1.18    5.87  262.88    2.69     4072  120.406255   23.187984  4212.56 
 1473.18 07 24 34.18  618.00    7.02   -1.68   53.92    6.90    0.83    6.99  263.23    3.54     4082  120.406515   23.187968  4225.74 
 1477.77 07 24 38.76  617.00    6.86   -1.73   54.35    6.57   -1.12    6.85  279.66    2.59     4093  120.406766   23.187945  4239.48 
 1482.50 07 24 43.50  616.00    6.72   -1.73   54.83    5.77    0.82    5.97  266.61    3.04     4105  120.407038   23.187935  4251.60 
 1487.22 07 24 48.21  615.00    6.63   -1.73   55.17    5.51   -0.29    5.70  269.66    1.80     4117  120.407293   23.187908  4265.45 
 1491.31 07 24 52.30  614.00    6.52   -1.38   57.06    6.79   -1.74    7.07  282.95    3.15     4128  120.407535   23.187873  4277.14 
 1496.00 07 24 57.00  613.00    6.46   -1.50   56.80    8.47   -4.07    9.39  295.67    2.74     4141  120.407810   23.187870  4291.01 
 1500.04 07 25 01.03  612.00    6.51   -1.76   55.55    5.13   -0.23    5.14  272.16    2.76     4155  120.408023   23.187840  4302.90 
 1504.43 07 25 05.42  611.00    6.52   -1.90   54.91    4.94   -1.52    5.18  285.17    2.94     4168  120.408287   23.187806  4316.53 
 1508.88 07 25 09.87  610.00    6.43   -1.94   55.08    8.78   -1.06    8.85  276.69    3.06     4181  120.408551   23.187790  4330.71 
 1513.71 07 25 14.71  609.00    6.30   -2.01   55.29    8.45    1.43    8.61  262.41    2.11     4192  120.408827   23.187777  4343.25 
 1518.06 07 25 19.06  608.00    6.20   -2.08   55.41    5.08   -0.82    5.22  280.28    3.03     4204  120.409084   23.187760  4356.77 
 1522.44 07 25 23.43  607.00    5.97   -2.18   55.84    6.72    0.24    6.97  268.47    2.55     4214  120.409336   23.187751  4369.85 
 1526.91 07 25 27.91  606.00    5.78   -2.25   56.29    6.26    0.53    6.32  265.16    2.18     4225  120.409596   23.187739  4383.66 
 1531.31 07 25 32.30  605.00    5.62   -2.31   56.70    6.61   -2.62    7.14  290.18    2.64     4236  120.409865   23.187710  4396.90 
 1535.91 07 25 36.91  604.00    5.50   -2.33   57.07    9.57   -1.72    9.73  280.12    2.71     4247  120.410153   23.187691  4410.37 
 1540.62 07 25 41.61  603.00    5.55   -2.33   56.90    6.70   -0.19    6.71  271.62    2.18     4262  120.410437   23.187660  4423.92 
 1545.17 07 25 46.16  602.00    5.51   -2.44   56.60    4.37    0.16    4.38  267.92    2.94     4275  120.410720   23.187648  4436.20 
 1549.74 07 25 50.73  601.00    5.38   -2.56   56.58    6.09    0.46    6.11  266.69    3.59     4286  120.411011   23.187640  4449.46 
 1554.61 07 25 55.60  600.00    5.34   -2.58   56.66    7.79    0.32    7.83  268.52    2.82     4299  120.411333   23.187614  4463.06 
 1559.10 07 26 00.09  599.00    5.24   -2.66   56.73    8.06    0.62    8.09  265.67    1.37     4311  120.411627   23.187599  4476.22 
 1563.62 07 26 04.62  598.00    5.19   -2.63   57.06    6.33    0.46    6.37  266.56    3.23     4324  120.411917   23.187580  4489.30 
 1567.97 07 26 08.97  597.00    5.15   -2.63   57.20    5.17    0.25    5.18  267.30    5.90     4337  120.412208   23.187560  4502.99 
 1572.84 07 26 13.83  596.00    5.09   -2.66   57.32    6.19   -0.73    6.23  276.38    4.14     4350  120.412528   23.187530  4518.35 
 1577.23 07 26 18.23  595.00    4.84   -2.90   57.29    8.67   -1.32    8.77  278.47    1.72     4360  120.412816   23.187508  4532.89 
 1581.73 07 26 22.73  594.00    4.75   -2.96   57.40    6.64   -1.66    6.87  283.29    2.51     4372  120.413114   23.187483  4546.82 
 1586.52 07 26 27.51  593.00    4.57   -3.11   57.50    6.65   -0.37    6.66  273.31    2.37     4383  120.413451   23.187465  4560.44 
 1591.49 07 26 32.49  592.00    4.42   -3.26   57.45    6.53   -0.19    6.54  271.58    4.42     4394  120.413799   23.187443  4573.78 
 1596.60 07 26 37.59  591.00    4.27   -3.37   57.56    8.00   -2.06    8.30  281.62    1.03     4406  120.414148   23.187404  4587.73 
 1600.99 07 26 41.98  590.00    4.16   -3.42   57.80    5.61    0.24    5.61  267.53    3.34     4418  120.414469   23.187390  4600.26 
 1605.79 07 26 46.79  589.00    3.98   -3.48   58.28    7.31    2.48    8.23  250.03    2.25     4429  120.414805   23.187358  4613.85 
 1609.91 07 26 50.90  588.00    3.79   -3.69   58.12    5.76   -1.52    6.00  285.15    4.47     4439  120.415084   23.187332  4627.04 
 1613.81 07 26 54.80  587.00    3.64   -3.83   58.16    9.18   -0.35    9.18  272.22    3.15     4451  120.415385   23.187320  4639.35 
 1617.74 07 26 58.73  586.00    3.49   -3.95   58.23    7.36   -2.29    7.71  286.85    2.31     4462  120.415692   23.187283  4652.00 
 1621.64 07 27 02.64  585.00    3.39   -4.00   58.44    8.27   -1.93    9.35  283.45    3.21     4474  120.416021   23.187277  4666.91 
 1626.20 07 27 07.19  584.00    3.36   -4.02   58.44   10.13   -1.68   10.27  279.46    2.33     4488  120.416384   23.187238  4681.19 
 1631.14 07 27 12.13  583.00    3.38   -3.74   59.63   11.76   -0.27   11.77  271.65    1.95     4502  120.416771   23.187209  4695.63 
 1635.71 07 27 16.71  582.00    3.39   -4.14   57.80    8.68   -1.20    8.76  277.44    2.16     4516  120.417120   23.187170  4706.87 
 1640.24 07 27 21.24  581.00    3.41   -4.22   57.40    5.54   -1.21    5.70  284.49    4.39     4530  120.417477   23.187110  4719.41 
 1645.07 07 27 26.06  580.00    3.25   -4.37   57.41    6.38   -1.48    6.56  283.37    2.21     4542  120.417845   23.187069  4733.24 
 1649.44 07 27 30.44  579.00    2.96   -4.58   57.64    8.89   -2.43    9.23  285.26    2.07     4551  120.418200   23.187007  4747.45 
 1653.65 07 27 34.65  578.00    2.74   -4.69   58.10   10.46   -2.22   10.84  281.18    2.51     4561  120.418575   23.186967  4762.67 
 1657.79 07 27 38.79  577.00    2.63   -4.68   58.56    9.02   -1.32    9.12  278.07    2.20     4574  120.418923   23.186942  4775.24 
 1662.36 07 27 43.36  576.00    2.52   -4.70   58.94    8.20   -1.10    8.28  277.67    2.91     4586  120.419319   23.186896  4789.80 
 1666.34 07 27 47.34  575.00    2.42   -4.66   59.54   10.07   -1.03   10.17  276.03    2.51     4598  120.419674   23.186870  4803.16 
 1670.73 07 27 51.73  574.00    2.43   -4.64   59.60    8.68   -1.62    9.00  279.56    3.53     4612  120.420056   23.186843  4817.95 
 1674.60 07 27 55.60  573.00    2.34   -4.76   59.44   10.37   -1.44   10.53  277.36    2.83     4625  120.420410   23.186814  4832.43 
 1678.82 07 27 59.81  572.00    2.13   -5.18   58.45    9.52   -0.84    9.68  274.09    3.00     4635  120.420812   23.186782  4846.01 
 1682.53 07 28 03.53  571.00    1.92   -5.66   57.24    8.87   -0.65    9.20  275.04    3.35     4646  120.421148   23.186722  4859.88 
 1686.22 07 28 07.22  570.00    1.89   -5.72   57.07    8.89   -0.60    8.91  273.86    4.35     4660  120.421520   23.186680  4873.41 
 1690.62 07 28 11.61  569.00    1.78   -5.57   58.20   10.30   -0.43   10.34  271.39    2.87     4672  120.421952   23.186650  4887.87 
 1694.31 07 28 15.31  568.00    1.68   -5.68   58.10    9.07   -0.39    9.08  273.13    2.86     4685  120.422311   23.186624  4902.72 
 1698.67 07 28 19.66  567.00    1.48   -6.14   56.90   11.61   -1.70   12.12  279.14    1.89     4695  120.422790   23.186573  4917.46 
 1702.43 07 28 23.43  566.00    1.30   -6.52   56.01   12.24   -2.14   12.88  278.04    3.32     4706  120.423222   23.186516  4931.30 
 1706.98 07 28 27.98  565.00    1.15   -6.83   55.30   14.72   -4.17   15.32  285.63    2.33     4718  120.423768   23.186470  4946.01 
 1711.37 07 28 32.37  564.00    1.19   -7.02   54.33   11.08    0.03   11.38  267.23    3.34     4733  120.424315   23.186416  4959.75 
 1716.03 07 28 37.03  563.00    1.18   -7.21   53.60   10.87    1.84   11.07  260.22    3.60     4747  120.424904   23.186370  4974.87 
 1720.96 07 28 41.95  562.00    0.99   -7.21   54.30   14.01    0.02   14.05  269.77    2.23     4758  120.425554   23.186290  4990.13 
 1725.27 07 28 46.26  561.00    0.82   -7.23   54.91   15.63   -1.96   16.01  276.35    3.29     4769  120.426180   23.186240  5005.16 
 1729.49 07 28 50.48  560.00    0.68   -7.02   56.35   15.89   -1.58   16.42  274.42    3.07     4781  120.426813   23.186220  5019.09 
 1733.96 07 28 54.95  559.00    0.61   -6.87   57.30   13.16    2.00   13.35  261.15    4.24     4794  120.427484   23.186170  5032.63 
 1738.10 07 28 59.10  558.00    0.55   -6.79   57.91   18.74   -4.38   19.25  283.14    3.47     4808  120.428115   23.186109  5045.91 
 1742.48 07 29 03.48  557.00    0.65   -6.64   58.15   15.86   -0.99   15.90  274.26    3.03     4824  120.428762   23.186085  5059.73 
 1746.68 07 29 07.68  556.00    0.63   -6.59   58.43   14.41   -2.15   14.97  280.24    3.82     4838  120.429422   23.186063  5073.51 
 1751.73 07 29 12.72  555.00    0.48   -6.41   59.91   15.28    0.33   15.52  269.53    1.90     4850  120.430209   23.186057  5087.84 
 1757.15 07 29 18.14  554.00    0.46   -5.91   62.37   17.10    0.75   17.12  267.53    3.04     4864  120.431092   23.186051  5102.33 
 1761.85 07 29 22.85  553.00    0.44   -5.49   64.44   18.03    0.38   18.07  268.81    3.93     4878  120.431895   23.186050  5115.69 
 1766.88 07 29 27.88  552.00    0.41   -5.37   65.18   19.37    0.26   19.38  269.23    3.35     4892  120.432769   23.186069  5131.14 
 1771.97 07 29 32.97  551.00    0.45   -5.31   65.30   21.04    2.23   21.16  263.96    2.55     4907  120.433645   23.186090  5146.03 
 1777.16 07 29 38.15  550.00    0.43   -5.31   65.38   20.41    2.16   20.61  264.41    1.30     4921  120.434548   23.186110  5160.97 
 1781.81 07 29 42.80  549.00    0.42   -5.32   65.38   18.70    3.22   19.14  261.02    3.16     4936  120.435355   23.186136  5173.72 
 1786.90 07 29 47.89  548.00    0.34   -5.39   65.40   18.06    3.90   18.62  258.11    2.96     4949  120.436253   23.186159  5187.94 
 1792.06 07 29 53.05  547.00    0.25   -5.44   65.61   18.26    4.89   18.96  255.00    2.43     4962  120.437181   23.186201  5201.60 
 1797.38 07 29 58.37  546.00    0.12   -5.51   65.84   18.47    1.94   18.64  263.90    1.91     4974  120.438138   23.186244  5215.09 
 1802.58 07 30 03.58  545.00   -0.00   -5.58   66.10   19.06    2.33   19.20  263.08    2.85     4987  120.439080   23.186292  5228.87 
 1807.83 07 30 08.83  544.00   -0.13   -5.64   66.40   18.37    3.22   18.69  260.21    2.42     4999  120.440030   23.186327  5244.36 
 1813.24 07 30 14.23  543.00   -0.24   -5.68   66.72   17.71    3.34   18.23  258.75    1.90     5012  120.441005   23.186372  5258.16 
 1819.08 07 30 20.08  542.00   -0.42   -5.76   67.21   19.63    0.90   19.66  267.40    1.34     5023  120.442066   23.186440  5271.57 
 1824.34 07 30 25.33  541.00   -0.47   -5.67   67.91   19.50    1.27   19.56  266.01    2.67     5037  120.443028   23.186503  5287.20 
 1829.82 07 30 30.81  540.00   -0.48   -5.63   68.19   20.91    2.84   21.11  262.42    1.55     5051  120.444036   23.186566  5303.07 
 1835.22 07 30 36.22  539.00   -0.60   -5.80   67.90   20.27    3.34   20.59  260.96    1.04     5064  120.445020   23.186642  5317.57 
 1841.05 07 30 42.04  538.00   -0.74   -5.89   68.10   17.70    1.41   17.76  265.41    2.68     5076  120.446089   23.186730  5331.27 
 1846.82 07 30 47.82  537.00   -0.93   -6.01   68.46   20.31   -0.13   20.34  270.21    2.31     5088  120.447166   23.186818  5347.20 
 1852.57 07 30 53.57  536.00   -0.98   -6.05   68.50   18.85    2.20   19.05  262.53    2.78     5102  120.448229   23.186921  5361.30 
 1858.33 07 30 59.32  535.00   -0.97   -6.06   68.40   16.99    2.43   17.23  261.43    2.86     5117  120.449259   23.187027  5375.70 
 1864.32 07 31 05.31  534.00   -1.13   -6.17   68.63   18.83    1.71   19.10  264.99    2.00     5129  120.450347   23.187119  5391.56 
 1870.69 07 31 11.68  533.00   -1.30   -6.31   68.72   18.15    2.09   18.34  263.16    2.92     5140  120.451494   23.187234  5406.20 
 1876.91 07 31 17.90  532.00   -1.41   -7.87   61.42   23.58    0.51   23.60  268.62    1.69     5153  120.452651   23.187329  5421.50 
 1883.88 07 31 24.87  531.00   -1.44   -9.41   54.61   17.09    1.33   17.16  265.52    1.72     5168  120.453909   23.187360  5436.10 
 1889.82 07 31 30.82  530.00   -1.45   -9.88   52.65   21.18    0.70   21.19  268.04    2.05     5183  120.454978   23.187378  5451.85 
 1895.77 07 31 36.77  529.00   -1.27  -10.49   49.53   16.32   -1.38   16.39  274.69    8.04     5201  120.456058   23.187390  5466.37 
 1901.56 07 31 42.55  528.00   -1.32  -10.82   48.44   17.38    0.84   17.45  267.23    2.18     5215  120.457095   23.187406  5479.86 
 1907.09 07 31 48.08  527.00   -1.57  -11.16   47.99   19.60    2.24   19.84  263.66    2.33     5225  120.458096   23.187399  5494.26 
 1913.28 07 31 54.27  526.00   -1.80  -11.85   46.21   17.82   -1.37   17.87  274.39    2.77     5236  120.459230   23.187367  5508.50 
 1918.90 07 31 59.89  525.00   -1.75  -12.43   43.95   15.62    0.07   15.62  269.73    3.55     5252  120.460253   23.187340  5523.84 
 1925.41 07 32 06.40  524.00   -1.97  -13.26   41.76   19.29   -1.57   19.47  274.55    1.66     5263  120.461463   23.187306  5539.68 
 1930.55 07 32 11.54  523.00   -2.21  -13.75   40.85   18.72   -1.54   18.81  274.76    1.84     5274  120.462394   23.187265  5553.63 
 1935.72 07 32 16.71  522.00   -2.44  -14.23   39.96   19.69   -3.03   19.94  278.59    2.40     5284  120.463330   23.187208  5569.68 
 1941.50 07 32 22.50  521.00   -2.63  -14.98   38.10   17.82   -2.90   18.29  280.57    1.38     5296  120.464380   23.187130  5585.51 
 1946.91 07 32 27.91  520.00   -2.71  -15.60   36.42   20.09   -3.42   20.38  279.57    1.86     5310  120.465354   23.187063  5600.43 
 1952.40 07 32 33.39  519.00   -2.68  -16.11   34.82   19.53   -1.65   19.65  274.81    1.61     5325  120.466366   23.186996  5615.37 
 1957.75 07 32 38.74  518.00   -2.72  -17.16   32.00   20.09   -1.50   20.22  274.55    2.83     5340  120.467312   23.186905  5630.96 
 1963.55 07 32 44.55  517.00   -2.71  -19.14   27.07   17.93   -1.69   18.12  274.23    3.43     5355  120.468334   23.186789  5646.85 
 1968.68 07 32 49.67  516.00   -2.89  -22.34   20.76   17.86   -3.65   18.27  281.80    2.54     5367  120.469195   23.186670  5660.62 
 1973.97 07 32 54.97  515.00   -2.96  -24.64   17.02   16.04   -2.06   16.17  277.31    3.24     5381  120.470085   23.186521  5676.64 
 1979.41 07 33 00.41  514.00   -3.04  -26.52   14.43   15.91   -3.47   16.29  282.16    2.61     5395  120.471021   23.186338  5691.67 
 1984.51 07 33 05.50  513.00   -3.05  -28.14   12.45   16.38   -3.80   16.84  283.17    3.18     5410  120.471892   23.186155  5705.45 
 1989.67 07 33 10.67  512.00   -3.14  -30.00   10.53   15.32   -5.46   16.31  289.96    2.31     5424  120.472771   23.185973  5720.10 
 1995.03 07 33 16.03  511.00   -3.30  -31.78    8.99   16.77   -6.86   18.15  292.16    2.70     5436  120.473675   23.185769  5735.83 
 2000.46 07 33 21.46  510.00   -3.38  -32.85    8.16   16.91   -5.50   17.84  287.26    2.92     5450  120.474584   23.185567  5751.85 
 2005.96 07 33 26.95  509.00   -3.38  -34.26    7.11   18.99   -2.45   19.15  277.37    3.05     5465  120.475502   23.185361  5766.25 
 2011.16 07 33 32.15  508.00   -3.41  -35.46    6.33   16.60   -3.08   16.89  280.31    2.71     5480  120.476368   23.185164  5781.33 
 2015.93 07 33 36.92  507.00   -3.34  -36.41    5.74   14.47   -2.29   14.65  278.89    1.97     5497  120.477169   23.184992  5796.40 
 2021.09 07 33 42.08  506.00   -3.30  -37.53    5.10   13.96   -4.52   14.70  288.17    5.46     5514  120.478064   23.184807  5812.25 
 2025.96 07 33 46.96  505.00   -3.53  -36.78    5.60   15.82   -6.89   17.30  293.62    2.95     5525  120.478884   23.184642  5827.42 
 2030.90 07 33 51.89  504.00   -3.79  -35.49    6.49   16.72   -4.50   17.38  285.23    2.44     5535  120.479733   23.184463  5841.78 
 2036.01 07 33 57.01  503.00   -3.97  -34.30    7.40   17.17   -2.89   17.41  279.57    3.35     5547  120.480632   23.184300  5857.76 
 2041.01 07 34 02.00  502.00   -4.11  -33.61    8.00   19.47   -2.49   19.63  277.32    2.59     5560  120.481501   23.184140  5876.02 
 2045.77 07 34 06.77  501.00   -4.29  -32.85    8.73   19.35   -1.34   19.46  274.28    2.18     5572  120.482319   23.184005  5891.37 
 2050.00 07 34 11.00  500.00   -4.44  -32.43    9.20   16.45   -5.24   17.26  287.68    3.62     5584  120.483060   23.183870  5905.73 
 2055.05 07 34 16.04  499.00   -4.61  -31.90    9.81   16.91   -6.40   18.14  290.76    2.73     5597  120.483958   23.183739  5921.60 
 2060.05 07 34 21.05  498.00   -4.75  -30.91   10.90   20.40   -6.44   21.42  287.37    3.10     5610  120.484880   23.183618  5937.32 
 2064.93 07 34 25.93  497.00   -4.88  -30.54   11.39   19.67   -4.22   20.16  281.93    3.60     5623  120.485788   23.183511  5952.23 
 2070.20 07 34 31.19  496.00   -4.93  -29.88   12.23   19.96   -2.84   20.17  278.05    2.45     5637  120.486759   23.183384  5969.21 
 2075.21 07 34 36.21  495.00   -4.86  -29.99   12.00   19.54   -1.66   19.63  274.68    2.17     5655  120.487705   23.183264  5984.78 
 2080.30 07 34 41.29  494.00   -4.89  -30.45   11.50   18.49   -2.29   18.66  277.31    2.42     5670  120.488657   23.183134  6001.54 
 2085.12 07 34 46.12  493.00   -5.04  -31.05   10.99   17.88   -3.75   18.38  282.25    4.81     5683  120.489554   23.183010  6017.24 
 2090.17 07 34 51.17  492.00   -5.19  -31.86   10.28   17.89   -4.12   18.54  283.45    3.41     5696  120.490522   23.182917  6033.19 
 2095.37 07 34 56.36  491.00   -5.24  -32.20   10.00   18.56   -3.71   19.07  281.69    3.18     5710  120.491540   23.182809  6047.69 
 2100.41 07 35 01.40  490.00   -5.38  -32.20   10.10   19.69   -2.81   19.90  278.23    2.84     5723  120.492537   23.182718  6062.34 
 2105.58 07 35 06.58  489.00   -5.42  -32.07   10.26   19.87   -1.94   19.97  275.60    3.16     5739  120.493576   23.182624  6079.31 
 2110.83 07 35 11.83  488.00   -5.52  -31.91   10.50   19.61   -0.72   19.66  272.04    3.27     5752  120.494638   23.182532  6096.27 
 2115.99 07 35 16.99  487.00   -5.50  -31.50   10.90   16.48    0.04   16.48  269.84    3.03     5769  120.495679   23.182450  6112.00 
 2121.20 07 35 22.20  486.00   -5.51  -29.83   12.78   18.67   -3.35   19.07  280.36    2.81     5785  120.496759   23.182388  6126.80 
 2126.66 07 35 27.66  485.00   -5.65  -28.53   14.60   21.38   -1.95   21.53  275.16    2.16     5798  120.497879   23.182327  6142.82 
 2131.32 07 35 32.31  484.00   -5.76  -27.81   15.73   20.09   -2.58   20.26  277.29    2.90     5812  120.498834   23.182260  6158.09 
 2136.82 07 35 37.82  483.00   -5.85  -27.31   16.58   20.04   -2.52   20.22  277.19    1.29     5826  120.499965   23.182184  6175.48 
 2142.10 07 35 43.10  482.00   -5.93  -26.91   17.32   19.21   -4.43   19.80  283.31    2.26     5840  120.501062   23.182099  6191.20 
 2147.53 07 35 48.53  481.00   -6.08  -26.70   17.85   20.18   -2.11   20.40  276.64    3.50     5854  120.502167   23.182015  6206.25 
 2153.03 07 35 54.02  480.00   -6.16  -26.48   18.33   22.01   -1.26   22.05  273.27    2.17     5868  120.503285   23.181939  6221.75 
 2158.19 07 35 59.19  479.00   -6.15  -25.99   19.21   20.17   -1.19   20.22  273.13    1.21     5885  120.504322   23.181856  6237.66 
 2163.75 07 36 04.75  478.00   -6.16  -25.90   19.33   23.46   -1.83   23.54  274.36    2.11     5901  120.505465   23.181755  6254.15 
 2169.33 07 36 10.33  477.00   -6.12  -26.02   19.07   22.57   -1.52   22.70  274.52    2.20     5918  120.506587   23.181660  6269.52 
 2173.99 07 36 14.98  476.00   -6.12  -26.89   17.60   23.38   -1.71   23.45  274.21    1.38     5934  120.507507   23.181560  6282.96 
 2180.04 07 36 21.04  475.00   -6.23  -27.76   16.39   20.18   -3.20   20.44  278.99    2.34     5948  120.508718   23.181390  6299.57 
 2185.20 07 36 26.19  474.00   -6.51  -28.60   15.48   20.09   -3.85   20.59  280.90    2.03     5959  120.509730   23.181238  6315.29 
 2191.04 07 36 32.03  473.00   -6.64  -29.19   14.79   23.78   -3.15   23.99  277.59    0.42     5972  120.510897   23.181069  6331.75 
 2196.71 07 36 37.70  472.00   -6.65  -30.56   13.02   20.22   -3.89   20.74  280.72    1.96     5988  120.512042   23.180872  6348.26 
 2202.17 07 36 43.16  471.00   -6.73  -33.53    9.83   20.19   -3.31   20.56  279.12    1.94     6003  120.513124   23.180672  6365.46 
 2207.85 07 36 48.85  470.00   -6.82  -36.79    7.17   18.88   -5.95   19.91  287.90    3.31     6018  120.514252   23.180447  6381.81 
 2213.18 07 36 54.18  469.00   -6.78  -39.68    5.33   18.89   -4.61   19.46  283.74    4.39     6035  120.515295   23.180233  6397.33 
 2219.16 07 37 00.16  468.00   -6.84  -43.30    3.65   20.52   -3.38   20.90  279.62    2.72     6051  120.516449   23.179992  6416.35 
 2224.69 07 37 05.69  467.00   -6.72  -46.72    2.49   19.26   -4.11   19.70  281.86    3.95     6070  120.517529   23.179762  6432.96 
 2230.43 07 37 11.43  466.00   -6.69  -51.10    1.51   18.38   -4.11   18.84  282.62    3.37     6087  120.518598   23.179517  6450.80 
 2236.12 07 37 17.11  465.00   -6.69  -56.54    0.79   19.34   -1.53   19.51  274.42    2.52     6104  120.519683   23.179275  6468.37 
 2241.67 07 37 22.66  464.00   -6.63  -62.57    0.37   19.92   -4.50   20.47  282.89    3.09     6122  120.520733   23.179043  6483.92 
 2246.96 07 37 27.95  463.00   -6.57  -47.21    2.38   20.49   -4.62   21.01  282.71   12.98     6140  120.521752   23.178842  6499.99 
 2252.89 07 37 33.89  462.00   -6.51  -58.34    0.62   23.60   -3.71   23.90  278.93   17.55     6159  120.522932   23.178595  6517.84 
 2258.57 07 37 39.57  461.00   -6.46  -57.91    0.66   23.66   -4.07   24.02  279.72   34.63     6177  120.524086   23.178370  6534.50 
 2264.25 07 37 45.25  460.00   -6.41  -57.48    0.69   23.72   -4.42   24.15  280.52   51.70     6195  120.525241   23.178145  6551.16 
 2269.93 07 37 50.92  459.00   -6.36  -57.05    0.73   23.79   -4.77   24.28  281.31   68.77     6213  120.526396   23.177919  6567.82 
 2275.61 07 37 56.60  458.00   -6.31  -56.62    0.76   23.85   -5.12   24.41  282.11   85.84     6231  120.527550   23.177694  6584.48 
 2281.29 07 38 02.28  457.00   -6.27  -56.20    0.80   23.91   -5.48   24.53  282.90  102.91     6249  120.528705   23.177468  6601.14 
 2287.32 07 38 08.32  456.00   -6.33  -55.94    0.84   23.86   -5.53   24.49  283.05  115.82     6265  120.529972   23.177196  6618.50 
 2293.42 07 38 14.41  455.00   -6.41  -55.71    0.89   23.79   -5.54   24.43  283.11  128.12     6281  120.531256   23.176917  6635.95 
 2299.51 07 38 20.50  454.00   -6.48  -55.49    0.93   23.72   -5.54   24.36  283.17  140.43     6297  120.532540   23.176638  6653.40 
 2305.60 07 38 26.59  453.00   -6.56  -55.26    0.98   23.65   -5.55   24.29  283.23  152.73     6312  120.533823   23.176359  6670.85 
 2311.69 07 38 32.68  452.00   -6.64  -55.03    1.02   23.58   -5.56   24.22  283.29  165.03     6328  120.535107   23.176079  6688.30 
 2317.78 07 38 38.78  451.00   -6.72  -54.80    1.07   23.51   -5.57   24.16  283.35  177.34     6344  120.536391   23.175800  6705.75 
 2323.87 07 38 44.87  450.00   -6.80  -54.58    1.11   23.44   -5.57   24.09  283.41  189.64     6360  120.537674   23.175521  6723.20 
 2329.96 07 38 50.96  449.00   -6.88  -54.35    1.16   23.37   -5.58   24.02  283.46  201.94     6375  120.538958   23.175242  6740.65 
 2336.05 07 38 57.05  448.00   -6.95  -54.12    1.20   23.29   -5.59   23.96  283.52  214.25     6391  120.540242   23.174963  6758.10 
 2342.14 07 39 03.14  447.00   -7.03  -53.89    1.25   23.22   -5.60   23.89  283.58  226.55     6407  120.541525   23.174684  6775.55 
 2348.24 07 39 09.23  446.00   -7.11  -53.67    1.30   23.15   -5.60   23.82  283.64  238.86     6422  120.542809   23.174404  6793.00 
 2354.33 07 39 15.32  445.00   -7.19  -53.44    1.34   23.08   -5.61   23.76  283.70  251.16     6438  120.544093   23.174125  6810.46 
 2360.42 07 39 21.41  444.00   -7.27  -53.21    1.39   23.01   -5.62   23.69  283.76  263.46     6454  120.545377   23.173846  6827.91 
 2366.51 07 39 27.50  443.00   -7.34  -52.98    1.43   22.94   -5.63   23.62  283.82  275.77     6470  120.546660   23.173567  6845.36 
 2372.60 07 39 33.60  442.00   -7.42  -52.75    1.48   22.87   -5.63   23.56  283.88  288.07     6485  120.547944   23.173288  6862.81 
 2378.69 07 39 39.69  441.00   -7.50  -52.53    1.52   22.80   -5.64   23.49  283.94  300.38     6501  120.549228   23.173009  6880.26 
 2384.78 07 39 45.78  440.00   -7.58  -52.30    1.57   22.73   -5.65   23.42  283.99  312.68     6517  120.550511   23.172730  6897.71 
 2390.87 07 39 51.87  439.00   -7.66  -52.07    1.62   22.66   -5.66   23.36  284.05  324.98     6533  120.551795   23.172450  6915.16 
 2396.97 07 39 57.96  438.00   -7.74  -51.84    1.66   22.59   -5.66   23.29  284.11  337.29     6548  120.553079   23.172171  6932.61 
 2403.06 07 40 04.05  437.00   -7.81  -51.62    1.71   22.52   -5.67   23.22  284.17  349.59     6564  120.554362   23.171892  6950.06 
 2409.15 07 40 10.14  436.00   -7.89  -51.39    1.75   22.45   -5.68   23.16  284.23  361.89     6580  120.555646   23.171613  6967.51 
 2415.24 07 40 16.23  435.00   -7.97  -51.16    1.80   22.38   -5.69   23.09  284.29  374.20     6595  120.556930   23.171334  6984.96 
 2421.33 07 40 22.32  434.00   -8.05  -50.93    1.84   22.31   -5.69   23.02  284.35  386.50     6611  120.558214   23.171055  7002.42 
 2427.42 07 40 28.42  433.00   -8.13  -50.71    1.89   22.24   -5.70   22.96  284.41  398.81     6627  120.559497   23.170776  7019.87 
 2433.51 07 40 34.51  432.00   -8.20  -50.48    1.93   22.17   -5.71   22.89  284.47  411.11     6643  120.560781   23.170496  7037.32 
 2439.60 07 40 40.60  431.00   -8.28  -50.25    1.98   22.10   -5.72   22.82  284.53  423.41     6658  120.562065   23.170217  7054.77 
 2445.69 07 40 46.69  430.00   -8.36  -50.02    2.03   22.03   -5.72   22.76  284.58  435.72     6674  120.563348   23.169938  7072.22 
 2451.79 07 40 52.78  429.00   -8.44  -49.79    2.07   21.95   -5.73   22.69  284.64  448.02     6690  120.564632   23.169659  7089.67 
 2457.88 07 40 58.87  428.00   -8.52  -49.57    2.12   21.88   -5.74   22.62  284.70  460.33     6706  120.565916   23.169380  7107.12 
 2463.97 07 41 04.96  427.00   -8.60  -49.34    2.16   21.81   -5.75   22.56  284.76  472.63     6721  120.567199   23.169101  7124.57 
 2469.99 07 41 10.98  426.00   -8.69  -49.37    2.17   21.82   -5.66   22.55  284.58  477.44     6737  120.568476   23.168860  7142.12 
 2475.66 07 41 16.65  425.00   -8.85  -50.60    2.01   22.18   -5.15   22.85  283.24  446.67     6751  120.569719   23.168801  7160.09 
 2481.33 07 41 22.32  424.00   -9.02  -51.83    1.86   22.54   -4.63   23.14  281.91  415.89     6765  120.570962   23.168743  7178.07 
 2487.00 07 41 27.99  423.00   -9.19  -53.06    1.70   22.90   -4.11   23.43  280.57  385.11     6779  120.572205   23.168684  7196.05 
 2492.67 07 41 33.66  422.00   -9.35  -54.29    1.54   23.26   -3.60   23.72  279.24  354.34     6793  120.573448   23.168626  7214.03 
 2498.34 07 41 39.33  421.00   -9.52  -55.53    1.38   23.62   -3.08   24.01  277.90  323.56     6807  120.574691   23.168567  7232.01 
 2504.01 07 41 45.01  420.00   -9.68  -56.76    1.22   23.99   -2.57   24.30  276.57  292.78     6821  120.575934   23.168508  7249.99 
 2509.68 07 41 50.68  419.00   -9.85  -57.99    1.07   24.35   -2.05   24.60  275.23  262.01     6835  120.577176   23.168450  7267.97 
 2515.35 07 41 56.35  418.00  -10.01  -59.22    0.91   24.71   -1.53   24.89  273.90  231.23     6850  120.578419   23.168391  7285.95 
 2521.02 07 42 02.02  417.00  -10.18  -60.46    0.75   25.07   -1.02   25.18  272.56  200.46     6864  120.579662   23.168333  7303.93 
 2526.69 07 42 07.69  416.00  -10.34  -61.69    0.59   25.43   -0.50   25.47  271.23  169.68     6878  120.580905   23.168274  7321.91 
 2532.63 07 42 13.62  415.00  -10.48  -62.41    0.50   25.59   -0.24   25.59  270.56  157.18     6893  120.582204   23.168126  7340.39 
 2538.93 07 42 19.93  414.00  -10.58  -62.41    0.51   25.46   -0.34   25.48  270.83  170.24     6910  120.583581   23.167853  7359.59 
 2545.24 07 42 26.23  413.00  -10.68  -62.41    0.51   25.34   -0.43   25.36  271.10  183.31     6926  120.584958   23.167580  7378.79 
 2551.54 07 42 32.54  412.00  -10.78  -62.41    0.52   25.21   -0.53   25.25  271.36  196.37     6943  120.586335   23.167307  7397.99 
 2557.84 07 42 38.84  411.00  -10.88  -62.42    0.52   25.08   -0.62   25.13  271.63  209.44     6959  120.587711   23.167034  7417.19 
 2564.15 07 42 45.14  410.00  -10.98  -62.42    0.53   24.96   -0.72   25.01  271.90  222.50     6976  120.589088   23.166761  7436.39 
 2570.45 07 42 51.45  409.00  -11.08  -62.42    0.53   24.83   -0.81   24.90  272.17  235.57     6993  120.590465   23.166489  7455.59 
 2576.76 07 42 57.75  408.00  -11.18  -62.42    0.53   24.71   -0.91   24.78  272.43  248.63     7009  120.591842   23.166216  7474.79 
 2583.06 07 43 04.06  407.00  -11.29  -62.42    0.54   24.58   -1.00   24.67  272.70  261.69     7026  120.593219   23.165943  7493.98 
 2589.36 07 43 10.36  406.00  -11.39  -62.43    0.54   24.45   -1.09   24.55  272.97  274.76     7042  120.594596   23.165670  7513.18 
 2595.67 07 43 16.66  405.00  -11.49  -62.43    0.55   24.33   -1.19   24.44  273.23  287.82     7059  120.595973   23.165397  7532.38 
 2601.97 07 43 22.97  404.00  -11.59  -62.43    0.55   24.20   -1.28   24.32  273.50  300.89     7076  120.597349   23.165124  7551.58 
 2608.28 07 43 29.27  403.00  -11.69  -62.43    0.56   24.07   -1.38   24.20  273.77  313.95     7092  120.598726   23.164851  7570.78 
 2614.58 07 43 35.58  402.00  -11.79  -62.43    0.56   23.95   -1.47   24.09  274.04  327.02     7109  120.600103   23.164578  7589.98 
 2620.89 07 43 41.88  401.00  -11.89  -62.43    0.57   23.82   -1.57   23.97  274.30  340.08     7125  120.601480   23.164305  7609.18 
 2627.19 07 43 48.18  400.00  -11.99  -62.44    0.57   23.70   -1.66   23.86  274.57  353.15     7142  120.602857   23.164032  7628.38 
 2633.49 07 43 54.49  399.00  -12.09  -62.44    0.58   23.57   -1.76   23.74  274.84  366.21     7159  120.604234   23.163759  7647.57 
 2639.80 07 44 00.79  398.00  -12.19  -62.44    0.58   23.44   -1.85   23.63  275.11  379.28     7175  120.605611   23.163486  7666.77 
 2646.10 07 44 07.10  397.00  -12.29  -62.44    0.59   23.32   -1.95   23.51  275.37  392.34     7192  120.606988   23.163213  7685.97 
 2652.41 07 44 13.40  396.00  -12.39  -62.44    0.59   23.19   -2.04   23.39  275.64  405.40     7208  120.608364   23.162940  7705.17 
 2658.71 07 44 19.71  395.00  -12.49  -62.45    0.60   23.07   -2.14   23.28  275.91  418.47     7225  120.609741   23.162667  7724.37 
 2665.01 07 44 26.01  394.00  -12.59  -62.45    0.60   22.94   -2.23   23.16  276.18  431.53     7242  120.611118   23.162394  7743.57 
 2671.32 07 44 32.31  393.00  -12.69  -62.45    0.60   22.81   -2.33   23.05  276.44  444.60     7258  120.612495   23.162121  7762.77 
 2677.62 07 44 38.62  392.00  -12.79  -62.45    0.61   22.69   -2.42   22.93  276.71  457.66     7275  120.613872   23.161848  7781.97 
 2683.93 07 44 44.92  391.00  -12.89  -62.45    0.61   22.56   -2.52   22.81  276.98  470.73     7291  120.615249   23.161576  7801.16 
 2690.23 07 44 51.23  390.00  -12.99  -62.45    0.62   22.44   -2.61   22.70  277.24  483.79     7308  120.616626   23.161303  7820.36 
 2696.53 07 44 57.53  389.00  -13.09  -62.46    0.62   22.31   -2.71   22.58  277.51  496.86     7325  120.618002   23.161030  7839.56 
 2702.84 07 45 03.83  388.00  -13.19  -62.46    0.63   22.18   -2.80   22.47  277.78  509.92     7341  120.619379   23.160757  7858.76 
 2709.14 07 45 10.14  387.00  -13.29  -62.46    0.63   22.06   -2.90   22.35  278.05  522.99     7358  120.620756   23.160484  7877.96 
 2715.45 07 45 16.44  386.00  -13.39  -62.46    0.64   21.93   -2.99   22.24  278.31  536.05     7375  120.622133   23.160211  7897.16 
 2721.75 07 45 22.75  385.00  -13.49  -62.46    0.64   21.80   -3.09   22.12  278.58  549.11     7391  120.623510   23.159938  7916.36 
 2728.06 07 45 29.05  384.00  -13.59  -62.47    0.65   21.68   -3.18   22.00  278.85  562.18     7408  120.624887   23.159665  7935.56 
 2734.36 07 45 35.35  383.00  -13.69  -62.47    0.65   21.55   -3.28   21.89  279.12  575.24     7424  120.626264   23.159392  7954.75 
 2740.66 07 45 41.66  382.00  -13.80  -62.47    0.66   21.43   -3.37   21.77  279.38  588.31     7441  120.627640   23.159119  7973.95 
 2746.97 07 45 47.96  381.00  -13.90  -62.47    0.66   21.30   -3.47   21.66  279.65  601.37     7458  120.629017   23.158846  7993.15 
 2753.27 07 45 54.27  380.00  -14.00  -62.47    0.67   21.17   -3.56   21.54  279.92  614.44     7474  120.630394   23.158573  8012.35 
 2759.58 07 46 00.57  379.00  -14.10  -62.48    0.67   21.05   -3.66   21.43  280.19  627.50     7491  120.631771   23.158300  8031.55 
 2765.88 07 46 06.87  378.00  -14.20  -62.48    0.67   20.92   -3.75   21.31  280.45  640.57     7507  120.633148   23.158027  8050.75 
 2772.18 07 46 13.18  377.00  -14.30  -62.48    0.68   20.80   -3.85   21.19  280.72  653.63     7524  120.634525   23.157754  8069.95 
 2778.49 07 46 19.48  376.00  -14.40  -62.48    0.68   20.67   -3.94   21.08  280.99  666.70     7541  120.635902   23.157481  8089.15 
 2784.79 07 46 25.79  375.00  -14.50  -62.48    0.69   20.54   -4.04   20.96  281.26  679.76     7557  120.637278   23.157208  8108.35 
 2791.10 07 46 32.09  374.00  -14.60  -62.48    0.69   20.42   -4.13   20.85  281.52  692.82     7574  120.638655   23.156936  8127.54 
 2797.40 07 46 38.40  373.00  -14.70  -62.49    0.70   20.29   -4.23   20.73  281.79  705.89     7590  120.640032   23.156663  8146.74 
 2803.70 07 46 44.70  372.00  -14.80  -62.49    0.70   20.16   -4.32   20.62  282.06  718.95     7607  120.641409   23.156390  8165.94 
